0.5922821692058018, 0.6794096205915724, 0.5948881129423778, 0.645397487282753
0.5920049088341849, 0.6764981252806527, 0.5955350538094838, 0.645397487282753
0.5946956975119454, 0.6754280345780509, 0.5892565468947093, 0.645397487282753
0.5928457805088588, 0.6759831471102579, 0.5935730199019115, 0.645397487282753
0.5943911620548793, 0.675274042572294, 0.5899671296278636, 0.645397487282753
0.593263942854745, 0.6756591924599239, 0.5925973077615102, 0.645397487282753
0.5924321625913892, 0.6760323439325605, 0.5945381283760071, 0.645397487282753
0.5942866248743874, 0.6752306248460497, 0.590211049715678, 0.645397487282753
0.5935457502092634, 0.6756817613329206, 0.591939757267634, 0.645397487282753
0.5925321587494441, 0.6760198754923684, 0.5943048040072123, 0.645397487282753
0.5944320695740836, 0.6751842958586557, 0.5898716787497202, 0.645397487282753
0.5939457297325135, 0.6753879283155714, 0.5910064717133839, 0.645397487282753
0.5935912021568843, 0.6755185910633632, 0.5918337027231853, 0.645397487282753
0.5927594218935285, 0.6757348537445068, 0.5937745233376821, 0.645397487282753
0.5923957995006016, 0.6758734464645386, 0.5946229755878448, 0.645397487282753
0.5948593258857727, 0.6748958800520216, 0.588874747355779, 0.645397487282753
0.5939048230648041, 0.675270561661039, 0.5911019206047058, 0.645397487282753
0.5931730381080083, 0.6755603764738355, 0.5928094188372294, 0.645397487282753
0.5919549141611372, 0.6760976885046278, 0.5956517080465953, 0.645397487282753
0.5922776239258902, 0.6758755155972072, 0.5948987185955048, 0.645397487282753
0.5946002440793173, 0.6749609444822584, 0.5894792715708415, 0.645397487282753
0.5904822528362275, 0.6764200355325426, 0.599087917804718, 0.645397487282753
0.5924003456320082, 0.6757001323359353, 0.5946123679478963, 0.645397487282753
0.593273035117558, 0.675462931394577, 0.5925760924816131, 0.645397487282753
0.5913822105952672, 0.6761568784713745, 0.5969880163669586, 0.645397487282753
0.5946366080215999, 0.6749073769365038, 0.5893944223721822, 0.645397487282753
0.5911776738507407, 0.676042970589229, 0.5974652687708537, 0.645397487282753
0.593209399495806, 0.6753404021263123, 0.5927245755990346, 0.645397487282753
0.5935502929346902, 0.6751202600342887, 0.5919291575749716, 0.645397487282753
0.5923957995006016, 0.6756607234477997, 0.5946229755878448, 0.645397487282753
0.5957411025251661, 0.6743836309228625, 0.5868172685305277, 0.645397487282753
0.5939230058874403, 0.6749869542462485, 0.5910594940185547, 0.645397487282753
0.5930412283965519, 0.6752416048731122, 0.5931169748306274, 0.645397487282753
0.5902231727327619, 0.6763192355632782, 0.5996924380461375, 0.645397487282753
0.5929275955472674, 0.6752515052046094, 0.5933821181456248, 0.645397487282753
0.5929912286145347, 0.6750663433756147, 0.5932336409886678, 0.645397487282753
0.5917185596057347, 0.6756966974054064, 0.5962032020092011, 0.645397487282753
0.5918730974197388, 0.6755328612668173, 0.5958426137765248, 0.645397487282753
0.5948411447661264, 0.6743454941681453, 0.5889171699682871, 0.645397487282753
0.5919276399271829, 0.6752720577376229, 0.5957153479258219, 0.645397487282753
0.5928866871765681, 0.6748549239976066, 0.5934775710105896, 0.645397487282753
0.592768509047372, 0.6750049761363438, 0.593753319978714, 0.645397487282753
0.5938866444996425, 0.6744943865707942, 0.5911443372567494, 0.645397487282753
0.5934139353888376, 0.6746773600578309, 0.5922473251819611, 0.645397487282753
0.5939730022634778, 0.6741550479616437, 0.5909004112084707, 0.6455230104923249
0.5928866880280631, 0.6748477186475481, 0.5934775690237681, 0.645397487282753
0.5897186492170606, 0.6758372460092817, 0.6008696595827738, 0.645397487282753
0.5937230135713305, 0.6744368476527077, 0.5915261427561442, 0.645397487282753
0.5932457608836038, 0.6742074762071882, 0.5926503380139668, 0.645397487282753
0.5916731085096086, 0.6748764710766929, 0.5963622828324636, 0.6453556460142136
0.5925867021083832, 0.6746783069201878, 0.5942623794078827, 0.6453556460142136
0.5943866193294525, 0.6737906115395682, 0.5899777293205262, 0.645397487282753
0.5941729928765979, 0.6736807414463588, 0.5904867966969808, 0.645397487282753
0.59140493784632, 0.674592718907765, 0.5969349861145019, 0.645397487282753
0.5933230297906058, 0.6740023570401328, 0.5925124665101369, 0.6455230104923249
0.5941684458936963, 0.6738085269927978, 0.5905186176300049, 0.6454393285512924
0.5947729664189475, 0.67320967401777, 0.5890762527783712, 0.645397487282753
0.5951047650405339, 0.6731367698737554, 0.5889914095401764, 0.6445188271999359
0.5924867068018232, 0.6737281663077218, 0.5944108585516612, 0.64535564661026
0.5935502920831953, 0.6734637532915387, 0.5927033662796021, 0.6446861898899079
0.5937821022101811, 0.673361393383571, 0.5916109800338745, 0.6367782390117646
0.5955320230552128, 0.6726977527141571, 0.588556573788325, 0.6452301239967346
0.5928503240857805, 0.6732900900500162, 0.5947820524374644, 0.6448953956365585
0.5933775748525347, 0.6732567540236882, 0.5949729541937511, 0.6439748913049698
0.5962001715387617, 0.6726399481296539, 0.5913670659065247, 0.6401255214214325
0.5905140689441136, 0.6741437247821263, 0.6002863466739654, 0.645397487282753
0.597477388381958, 0.6717079494680677, 0.5893626073996227, 0.6425941407680511
0.595363848549979, 0.6726602579866137, 0.5958744347095489, 0.6366108757257462
0.5955729271684375, 0.6720916731016976, 0.5914200882116953, 0.6448117130994797
0.5960183654512677, 0.6724412509373257, 0.5961077531178792, 0.6425104588270187
0.5982046297618321, 0.6720200053283146, 0.5930215299129487, 0.6387029266357422
0.5952865787914821, 0.6718863998140607, 0.5976349552472432, 0.6432635968923569
0.5978137416499002, 0.6713651069572993, 0.5935836235682169, 0.639748951792717
0.5979000968592507, 0.6714403637817927, 0.5969031691551209, 0.6339330518245697
0.5979319138186319, 0.6716420497213091, 0.5965107659498851, 0.6329707080125808
0.5990591321672712, 0.6702575726168496, 0.5979849437872569, 0.6380753111839295
0.5993182156767164, 0.6702067792415619, 0.597412238518397, 0.6372803336381913
0.5952456661633083, 0.671400111913681, 0.6021317183971405, 0.6389121335744857
0.5988364134516034, 0.6707720347813197, 0.599862132469813, 0.6367364001274108
0.5987955118928637, 0.6705842179911478, 0.6000106036663055, 0.6397071105241775
0.6033998472349984, 0.6683125495910645, 0.5955138464768728, 0.6339330548048019
0.5997363763196127, 0.6696667534964426, 0.5985788544019063, 0.6397489529848098
0.6013135756765093, 0.6695725100381034, 0.6019090056419373, 0.6307531344890595
0.6037407415253776, 0.667855326618467, 0.5977410137653351, 0.6361506259441376
0.6029771413121905, 0.6686101130076817, 0.6043588916460673, 0.629288700222969
0.6018453708716801, 0.6683389127254487, 0.5979849398136139, 0.6374477005004883
0.6019408174923488, 0.6673699711050306, 0.5977516114711762, 0.6385355627536774
0.6007635976587024, 0.667812158380236, 0.6027468462785085, 0.6379497879743576
0.6047270561967577, 0.6669800545488085, 0.5983667373657227, 0.6302510416507721
0.605367933852332, 0.6662389048508235, 0.6001909037431081, 0.6349372357130051
0.6063633458954948, 0.6670572817325592, 0.6052497565746308, 0.6302928829193115
0.6049679551805769, 0.6663437579359327, 0.6020680904388428, 0.6345606678724289
0.6098722755908966, 0.6653733313083648, 0.6035740792751312, 0.6287029266357422
0.6070678583213261, 0.665903639793396, 0.6048891723155976, 0.6323430931568146
0.6106813320091793, 0.663854649237224, 0.5987061182657878, 0.626150626540184
0.603177125964846, 0.663165671484811, 0.5939972440401713, 0.6416736382246018
0.6113813017095838, 0.6644234665802546, 0.6039134522279104, 0.6268200814723969
0.6098177339349474, 0.6642819941043854, 0.6034149964650471, 0.6203765678405762
0.6081178111689431, 0.6643083768231528, 0.6127903302510579, 0.6313807487487793
0.6102949891771589, 0.6637611704213279, 0.6073496679464976, 0.6267782407999039
0.6102359013898032, 0.6634253723280771, 0.6053982377052307, 0.6341840982437134
0.6101949887616294, 0.6625828879220145, 0.610361647605896, 0.6320502060651779
0.6141129927975791, 0.6603700339794158, 0.600752995411555, 0.6216736340522766
0.6125267011778696, 0.6621803138937269, 0.6056633750597636, 0.6287029278278351
0.6104313441685267, 0.6610111066273281, 0.6059179047743479, 0.6346861910820008
0.6112631235803877, 0.6612867150987898, 0.6056209524472554, 0.6325522989034653
0.6105995178222656, 0.6629892826080322, 0.6113903919855753, 0.6313389110565185
0.610304080588477, 0.6623685206685748, 0.6128433525562287, 0.6292050182819366
0.6159538175378527, 0.659808235509055, 0.6115282615025838, 0.6237656903266907
0.6102495304175786, 0.66080105475017, 0.6125570038954417, 0.6325523024797439
0.612167626619339, 0.6591678219182151, 0.6088662644227346, 0.6323430979251862
0.6133175756250109, 0.6597734527928488, 0.6108707229296366, 0.6312970697879792
0.6178082772663661, 0.6581664323806763, 0.6052497565746308, 0.6254393309354782
0.6199763664177486, 0.6554864074502672, 0.6051012833913167, 0.6284100389480591
0.6153674806867327, 0.6585510228361402, 0.6150281031926473, 0.6243096220493317
0.6161538107054574, 0.6589640123503548, 0.6142220834891001, 0.6302510464191436
0.6175037494727543, 0.6576645655291421, 0.6158023099104564, 0.6249372380971908
0.6165583346571241, 0.6576889591557639, 0.6154417216777801, 0.6249790781736374
0.6202218098299844, 0.6567552294049944, 0.6155159552892049, 0.6239330530166626
0.6165719764573233, 0.6567380820001875, 0.6138932983080546, 0.6196234291791916
0.6205899715423584, 0.655590443100248, 0.6141796628634135, 0.6204184079170227
0.618203719173159, 0.6559455582073757, 0.6108919282754263, 0.6269456028938294
0.6200490891933441, 0.6551370510033199, 0.616629546880722, 0.6267364001274109
0.6198809146881104, 0.6549160139901298, 0.6165765166282654, 0.6268200820684433
0.6167174220085144, 0.6550097116402217, 0.617085587978363, 0.6241422593593597
0.6230398612362998, 0.6554955669811794, 0.6186552147070566, 0.6261087810993194
0.6236261997904097, 0.6522787894521441, 0.6083359897136689, 0.6295397478342056
0.6236080169677735, 0.6527611868722099, 0.6134690900643667, 0.6295397472381592
0.6235216566494532, 0.6547447417463576, 0.6197157661120097, 0.6189539724588394
0.6217671922274999, 0.6535606614180973, 0.6189097464084625, 0.6230962306261063
0.6230035024029869, 0.6523089800562177, 0.6125145812829336, 0.6227196651697159
0.6210354064192091, 0.6548476908888136, 0.6197794020175934, 0.6125941425561905
0.6214126603943961, 0.6515531752790723, 0.6115282654762269, 0.6299163156747818
0.6211763143539428, 0.6545260650771004, 0.6247534155845642, 0.6257322150468826
0.6224580705165863, 0.6532475011689323, 0.6225368559360505, 0.628744769692421
0.6232353048665183, 0.6521692233426231, 0.6187506655852, 0.6208786571025848
0.6251761274678367, 0.6517102428844996, 0.6222823202610016, 0.6215062713623047
0.6215035693986075, 0.6520495057106018, 0.623321666320165, 0.6264853554964066
0.6237261959484646, 0.6517923244408199, 0.6240534484386444, 0.6236820054054261
0.6231353104114532, 0.6505249551364354, 0.619206702709198, 0.626987447142601
0.6225989741938455, 0.65446064387049, 0.6311273733774821, 0.6212133914232254
0.6217626460960933, 0.6526556943144117, 0.6285077929496765, 0.6228451889753341
0.6270578605788094, 0.6514896443911962, 0.6234489341576894, 0.6216736406087875
0.6246125178677695, 0.6521587150437491, 0.6253897607326507, 0.6080753111839294
0.6207081505230495, 0.6530187623841422, 0.631244033575058, 0.6124267786741256
0.6242761705602918, 0.6507935328142983, 0.6222186883290609, 0.6246025085449218
0.628089633158275, 0.6509903643812452, 0.627309364080429, 0.6174895399808884
0.627916910818645, 0.646785991532462, 0.6183476448059082, 0.6221757334470749
0.628503247669765, 0.6509544261864253, 0.6310425281524659, 0.6177405869960785
0.6341938998017992, 0.6456685074738093, 0.6165128906567892, 0.6187029284238815
0.6315122050898415, 0.6477684259414673, 0.6234595398108165, 0.6204184108972549
0.6270669494356428, 0.6490871787071228, 0.6335454444090526, 0.6193723851442337
0.6211672220911298, 0.6498083336012704, 0.6249231080214183, 0.625313805937767
0.6324258037975856, 0.6473051803452629, 0.6179128209749858, 0.6229707115888595
0.6320985427924565, 0.6469232593263898, 0.6266730308532715, 0.6185355627536774
0.626712418454034, 0.6497109336512429, 0.6306077003479004, 0.6172803336381912
0.6327485118593489, 0.6448124715260097, 0.6187400579452514, 0.6144769862294197
0.6304531616824014, 0.6456677240984781, 0.6189203520615896, 0.6199581611156464
0.6316440156527928, 0.644863258089338, 0.6248700817426046, 0.6181589949131012
0.6332621250833784, 0.6464263813836234, 0.627733588218689, 0.6161087870597839
0.6310940384864807, 0.6456289223262242, 0.6259730597337086, 0.6172803300619125
0.6289577765124185, 0.6493226196084704, 0.6337575594584147, 0.6214644366502762
0.6320985385349819, 0.6455973165375846, 0.628825964530309, 0.6180753123760223
0.6305395211492266, 0.6468360500676291, 0.63503022591273, 0.6138912105560302
0.6308440514973231, 0.6480975151062012, 0.6346272130807241, 0.6143933057785034
0.6327530596937452, 0.6457106368882316, 0.6301092386245728, 0.6201255244016647
0.6307531476020813, 0.6477615688528333, 0.6353165745735169, 0.6148117119073868
0.637193762404578, 0.6427664135183607, 0.6234913488229116, 0.6132635971903801
0.640707243340356, 0.6400532799107688, 0.6201930224895478, 0.6191213369369507
0.6327530588422503, 0.6446308348860059, 0.6262488027413686, 0.6210460221767425
0.6283259851591928, 0.6401525386742183, 0.6139569441477458, 0.6292886978387833
0.6360074511596134, 0.6450035946709769, 0.6337999860445659, 0.6148953980207443
0.63431208218847, 0.6452143183776311, 0.6352741618951162, 0.6161087834835053
0.6304531616824014, 0.6460841127804348, 0.6351680974165599, 0.6107531347870827
0.6371801274163382, 0.6425190908568246, 0.6277760068575541, 0.6150627613067627
0.6386346135820661, 0.6417708711964744, 0.6269275685151418, 0.6124686181545258
0.6341893519674029, 0.6412640827042716, 0.6166931768258412, 0.6191213399171829
0.635357482944216, 0.6442846391882215, 0.6315197785695393, 0.6168619233369828
0.6312076721872603, 0.6437164374760219, 0.6291229208310445, 0.6178242656588554
0.6334439328738621, 0.6433090048176902, 0.6302577157815298, 0.6197071123123169
0.63455297095435, 0.6429535448551178, 0.6322833855946859, 0.6184518772363663
0.6364165246486664, 0.6423087239265441, 0.6360589663187662, 0.61799163043499
0.6395981992994036, 0.6379307849066598, 0.6219641526540121, 0.6116736388206482
0.6362574398517609, 0.6418598072869437, 0.631413726011912, 0.6155230087041855
0.6398754605225154, 0.639531249659402, 0.622420193751653, 0.6225522983074189
0.6421935336930411, 0.6394556999206543, 0.626227593421936, 0.6087866109609604
0.6374892047473363, 0.6433680823871067, 0.6332803010940552, 0.613807528913021
0.6355256591524396, 0.6422727933951786, 0.629854702949524, 0.6165690344572067
0.6383255328450884, 0.6394883964742933, 0.6208187480767567, 0.623598325252533
0.6364574330193656, 0.640482964685985, 0.6311379790306091, 0.6148117125034332
0.6352620354720524, 0.6409198760986328, 0.633524231115977, 0.620585772395134
0.6333984834807259, 0.6426592835358211, 0.6377664625644683, 0.6183263599872589
0.6345757007598877, 0.6404233430113111, 0.6331742465496063, 0.6188284492492676
0.6377664642674582, 0.642929174218859, 0.640863295396169, 0.6110041832923889
0.6378391930035182, 0.6400750143187387, 0.6293562471866607, 0.6167782407999038
0.6377755565302713, 0.6410380916936057, 0.6410011649131775, 0.6108368200063705
0.640443617105484, 0.6412912343229566, 0.6392194251219432, 0.6053556463122368
0.6393800267151424, 0.6396702902657645, 0.6350938518842061, 0.6131799173355102
0.639430022239685, 0.6390230476856231, 0.631265252828598, 0.6171966528892517
0.6423162613596235, 0.639828245128904, 0.6345211565494537, 0.6126359874010086
0.6387346054826464, 0.6394496415342603, 0.6357408026854198, 0.620209202170372
0.6386255170617785, 0.6378639493669782, 0.6261321465174358, 0.6198326343297959
0.6425207921436855, 0.6373159672532763, 0.628200230995814, 0.6155648523569107
0.6408345086233956, 0.6389218619891576, 0.6369604468345642, 0.616066946387291
0.6421299065862384, 0.6351345155920302, 0.6289002021153768, 0.6125941395759582
0.6454615644046239, 0.636809675182615, 0.6337787707646688, 0.6102092063426972
0.6408345086233956, 0.640185798066003, 0.6400678753852844, 0.6155648535490036
0.6451070419379643, 0.6369048970086234, 0.6329833527406057, 0.6123849362134933
0.6384937064988273, 0.6348226112978799, 0.6312122166156768, 0.6186610859632492
0.6457615537302834, 0.6365443008286612, 0.6330894072850545, 0.6107949793338776
0.6376528348241534, 0.6382374312196459, 0.6353590011596679, 0.6144769895076752
0.6398890972137451, 0.6404291587216514, 0.6441828449567158, 0.61355648458004
0.6436480190072741, 0.6378813062395369, 0.6424435238043468, 0.6134309583902359
0.6427253305912017, 0.6374083748885564, 0.6370134691397349, 0.6154811710119248
0.6429389570440565, 0.6375031071049827, 0.6391664107640584, 0.6171548092365264
0.645302483865193, 0.6358272237437111, 0.6355817258358002, 0.6128033456206322
0.6392391298498427, 0.6408371440001897, 0.6481175124645233, 0.6159832614660263
0.6441207213061196, 0.6357421687671116, 0.6367589394251506, 0.6138075312972069
0.6380800868783678, 0.6412577595029558, 0.6502598385016124, 0.6083681979775428
0.6443116162504469, 0.637273656470435, 0.6365468243757884, 0.6115062743425369
0.6422753538404192, 0.6382131755352021, 0.6395694116751353, 0.6089958161115646
0.6390891322067805, 0.636798392874854, 0.6420405109723409, 0.6152719646692276
0.6355938340936388, 0.6399439973490578, 0.6465797007083893, 0.6178661060333251
0.6494341160569872, 0.6334516133580889, 0.6346272150675456, 0.6148953938484192
0.6477114685944149, 0.6339261787278312, 0.6349772016207377, 0.6135564821958542
0.6413844815322332, 0.6343528177056994, 0.6298865218957265, 0.6112552291154861
0.6421208134719304, 0.6381215189184462, 0.6443101028601329, 0.6118828427791595
0.6473478487559727, 0.6326198399066925, 0.6324742833773295, 0.6104602479934692
0.6487796034131731, 0.632214880841119, 0.6303107420603434, 0.6138493692874909
0.646625154359, 0.6349100129944938, 0.632601547241211, 0.6107949811220169
0.6411935772214618, 0.6356529780796596, 0.6347120602925619, 0.6036401697993279
0.6460751780441829, 0.6320849665573665, 0.6302895307540893, 0.6133472788333892
0.6451661271708352, 0.6343370650495802, 0.6358998854955037, 0.6156485360860825
0.6406526982784271, 0.6346246617180961, 0.6452434003353119, 0.6183682000637054
0.6358392792088645, 0.6388792489256178, 0.6446070591608684, 0.6095397454500199
0.6486114280564445, 0.6343513795307705, 0.6326757828394572, 0.6108786582946777
0.6450297721794673, 0.6366670250892639, 0.6500689387321472, 0.6105439329147339
0.6419662731034416, 0.6356228036539895, 0.6449464400609334, 0.6141841000318528
0.6422435326235635, 0.6364890132631574, 0.6470251341660818, 0.6147698783874511
0.6360574517931257, 0.6394195250102452, 0.6477144956588745, 0.6147698730230331
0.6507022414888655, 0.6316799691745213, 0.6351574917634328, 0.6120083659887314
0.6461797169276646, 0.6347504275185721, 0.6411178251107533, 0.6129707098007202
0.646116087266377, 0.6345227599143982, 0.642995019753774, 0.604811716079712
0.6458524618829999, 0.6355134350912911, 0.6494962314764658, 0.6112970697879792
0.648861415045602, 0.6305867178099496, 0.6287305116653442, 0.6125104624032974
0.6515885659626552, 0.631984691108976, 0.6361544132232666, 0.6099999988079071
0.6442616275378636, 0.6336161639009203, 0.6428571422894795, 0.6116317987442017
0.648565969296864, 0.6330560965197427, 0.641934456427892, 0.610502091050148
0.6508567793028696, 0.6309143585818154, 0.636111996571223, 0.6144351440668107
0.6458615515913282, 0.634112857069288, 0.6469190835952758, 0.6125104576349258
0.6460569943700518, 0.6358578996998924, 0.648626571893692, 0.6091213375329971
0.6440525472164154, 0.6365870654582977, 0.6548308392365774, 0.613096233010292
0.6435434792722975, 0.6355108669825963, 0.6461130599180858, 0.610836820602417
0.6438934590135302, 0.6348865534578051, 0.6483508348464966, 0.6115062737464905
0.6465433393205915, 0.6333019631249565, 0.6423056542873382, 0.613598325252533
0.6541248134204319, 0.6300448511328016, 0.6341817835966747, 0.6119665229320526
0.6458115552152907, 0.6353027147906167, 0.6329939564069113, 0.610334729552269
0.6477160121713366, 0.637237708909171, 0.6495810826619466, 0.601882843375206
0.645261573791504, 0.6335474533694131, 0.6427722970644633, 0.6081171530485153
0.6452206688267844, 0.636101713350841, 0.6521688401699066, 0.6105439299345017
0.6531339500631604, 0.6280087734971728, 0.6301092425982158, 0.6107949775457382
0.650288622719901, 0.6313470014504023, 0.6427510917186737, 0.6097907930612564
0.6471524034227644, 0.6368743649550846, 0.6465266744295756, 0.6041840988397599
0.6429207767759051, 0.6365296500069755, 0.6510022362073262, 0.6077405834197998
0.6513567549841744, 0.6325393778937204, 0.6450312852859497, 0.6135146421194076
0.6491795803819383, 0.6324680089950562, 0.6567716618378957, 0.608368200659752
0.6457297401768821, 0.6311910901750837, 0.6464524348576863, 0.6071548092365265
0.6491204960005624, 0.6318254326071058, 0.6373104234536489, 0.6096234357357025
0.6444661591734205, 0.6332438239029475, 0.6397497077782949, 0.6082426756620407
0.6475705683231354, 0.6331025021416801, 0.6412663042545319, 0.6122175711393356
0.6525203381265913, 0.6298100590705872, 0.6374164859453837, 0.6073640155792236
0.647093312229429, 0.6326420996870313, 0.6449358304341634, 0.6130125504732132
0.6480341800621577, 0.6338576197624206, 0.6465478817621867, 0.6108368164300919
0.6528839596680233, 0.6307899015290397, 0.6433768173058828, 0.6119665229320526
0.6476614662579128, 0.6321640585150038, 0.6456676224867502, 0.6119665265083313
0.6526157907077245, 0.6289957523345947, 0.6356877704461416, 0.6101673650741577
0.6523703455924987, 0.6292274798665728, 0.6387739956378937, 0.6163179951906205
0.6517385584967477, 0.6314114902700697, 0.6487220307191213, 0.6120920485258102
0.6456161090305873, 0.6349039426871709, 0.6528688073158264, 0.6019246876239777
0.6507840582302639, 0.6300015704972404, 0.6437267998854319, 0.61468619287014
0.6446934231689998, 0.6327599091189248, 0.6478629688421885, 0.610292888879776
0.6466796968664442, 0.630650292975562, 0.6471417943636576, 0.5972803372144699
0.6536657418523516, 0.6312765121459961, 0.6472160359223683, 0.6069874441623688
0.649170493228095, 0.6276072187083108, 0.634457524617513, 0.6059414267539978
0.6475523820945195, 0.6338780675615583, 0.6469296793142955, 0.6062343099713325
0.6478750935622624, 0.6290196461336953, 0.642517763376236, 0.6138493704795838
0.6508113256522587, 0.6296730177743094, 0.646335772673289, 0.5990794980525971
0.6506476972784315, 0.6297532430716923, 0.6374589085578919, 0.6032635971903801
0.6530384957790375, 0.6300346170152936, 0.6523597399393718, 0.6033472788333892
0.6524021668093545, 0.6278939826147897, 0.6473857243855794, 0.6128033459186554
0.6528839579650334, 0.628229363475527, 0.6421995957692465, 0.6109623408317566
0.6537248270852225, 0.6277259400912694, 0.6391557991504669, 0.6136401653289795
0.6523203492164612, 0.6275340616703033, 0.6409375290075938, 0.6102928876876831
0.6539839088916779, 0.6273087143898011, 0.6446070611476898, 0.6088284540176392
0.6537521021706717, 0.6272383417401995, 0.6402693748474121, 0.608619247674942
0.654156631231308, 0.6282867448670524, 0.6339484572410583, 0.609707111120224
0.6448525096688952, 0.634841935975211, 0.6663591066996256, 0.6101255249977112
0.6493613958358765, 0.6279796779155731, 0.6450524985790252, 0.6138493728637695
0.6497386472565787, 0.6311097145080566, 0.6515218993028005, 0.6056485351920128
0.6500068145138876, 0.6299216781343733, 0.6475129961967468, 0.6092887032032013
0.6474796567644392, 0.6308432332106999, 0.646791809797287, 0.60736401617527
0.6548156883035388, 0.6278978305203574, 0.64555095632871, 0.6065271991491318
0.6465433376176016, 0.632375979423523, 0.6565277357896169, 0.6067364019155502
0.6506431519985199, 0.6292167544364929, 0.6474175413449605, 0.606652717590332
0.6473660281726292, 0.630524389232908, 0.6480008482933044, 0.6095815908908844
0.6503295285361154, 0.6293742946216039, 0.6468448400497436, 0.6091631788015366
0.654911140033177, 0.625682315656117, 0.6424647370974222, 0.6081171536445618
0.6485432522637503, 0.629174884728023, 0.643748011191686, 0.6052301251888275
0.6497659180845533, 0.6313545831612178, 0.6524021625518799, 0.6150209200382233
0.6506249691758837, 0.6295606417315347, 0.6525824626286825, 0.6057740557193756
0.6570428618362971, 0.6250569939613342, 0.6383391638596853, 0.6073221749067307
0.6513522122587476, 0.6301006300108773, 0.6569201429684957, 0.6059414219856262
0.6547156929969787, 0.6265301048755646, 0.6402905960877736, 0.6123430973291397
0.6508204204695566, 0.6316501115049634, 0.6528900186220805, 0.6076569038629532
0.6470524072647095, 0.631182040487017, 0.6544914642969767, 0.6122175741195679
0.6501704471451896, 0.6309249818325042, 0.6617032527923584, 0.6049790793657303
0.6531066741262164, 0.6296453586646489, 0.6542793571949005, 0.6078242701292038
0.6534884742328099, 0.6295145801135472, 0.6417965829372406, 0.6134728014469146
0.6515203901699611, 0.6256896351064954, 0.6413405418395997, 0.6128870242834091
0.6557020161833081, 0.6267789678914206, 0.6403330147266388, 0.6004184103012085
0.6588655046054295, 0.6253675307546344, 0.6397284964720408, 0.6074895405769348
0.6579700895718166, 0.6225822431700571, 0.6411496420701345, 0.6085355621576309
0.6470160407679422, 0.6329972948346819, 0.6613532702128092, 0.6107112967967987
0.6506204255989619, 0.6300684852259499, 0.6585852166016897, 0.6123430961370468
0.6584518900939397, 0.6232096118586404, 0.6474387586116791, 0.6115481156110764
0.6567565092018672, 0.6247838769640242, 0.6431541005770366, 0.5999581557512284
0.6563519835472107, 0.6272935969488961, 0.6478523731231689, 0.6011715477705002
0.6563383485589709, 0.6261888274124691, 0.6481811384359996, 0.6057322180271149
0.6505295242582049, 0.6277199728148324, 0.6475872298081716, 0.614016734957695
0.6596563799040658, 0.6231167938028063, 0.6361544171969096, 0.6046861916780472
0.6414344787597657, 0.6344666787556239, 0.6647682666778565, 0.6119665253162384
0.6545884285654341, 0.6272111483982631, 0.6439495126406352, 0.6105439341068268
0.6495841094425746, 0.628315782546997, 0.647544805208842, 0.604435148537159
0.6478978225163051, 0.6285057783126831, 0.6450100799401601, 0.615732216835022
0.6563065341540746, 0.6258560274328504, 0.6434828718503316, 0.6031799137592315
0.655333845955985, 0.6249813795089721, 0.6432283421357473, 0.6079079496860504
0.6587564178875515, 0.6228883956159864, 0.6398981829484304, 0.6095397460460663
0.6573428452014923, 0.6228824198246002, 0.6336090783278148, 0.6099999994039536
0.6526748742376055, 0.6286249893052237, 0.6516279538472494, 0.6028451889753341
0.6541929875101362, 0.6291536680289678, 0.6560398757457733, 0.6033891195058823
0.6513613070760454, 0.6295982599258423, 0.6608229875564575, 0.6058995813131333
0.6484523441110338, 0.6281995952129364, 0.6508431434631348, 0.6164853513240814
0.6542520778519767, 0.6271443579878125, 0.6450631022453308, 0.6003765708208084
0.6572610310145787, 0.6255624856267656, 0.6450206816196442, 0.6066945606470108
0.6535293817520141, 0.6286453059741429, 0.6580125153064728, 0.6042677807807922
0.6546611521925245, 0.6263776387487139, 0.6512673656145732, 0.6056066966056823
0.6521930796759469, 0.6258846666131701, 0.645720648765564, 0.6122175735235215
0.6490204981395177, 0.6285405806132726, 0.6423480729262034, 0.6145188254117966
0.6552474890436445, 0.6260069719382695, 0.6474705715974172, 0.6133054393529892
0.6575064752783094, 0.6251108075891222, 0.644808566570282, 0.611255231499672
0.6566656070096152, 0.6251840906483787, 0.6470569511254628, 0.6042677795886994
0.6592382192611694, 0.6243980969701495, 0.6472266435623169, 0.6066108745336533
0.6533203039850507, 0.6285535914557321, 0.6552338560422262, 0.6066945576667786
0.6546247899532318, 0.6256749706608908, 0.6493477582931518, 0.6088702934980392
0.6547975131443569, 0.6253618214811597, 0.6493901749451955, 0.6051882809400558
0.6565792432853154, 0.627333859034947, 0.6481599311033884, 0.6094560658931732
0.6542020780699593, 0.6264776613031114, 0.6513416012128194, 0.61447698533535
0.6579382743154253, 0.6266413262912205, 0.6515112916628519, 0.6050627607107163
0.6528703195708139, 0.6272653945854731, 0.649559865395228, 0.6143933027982712
0.6515431140150343, 0.6293559542724064, 0.6600487887859344, 0.6039748954772949
0.6531794003077915, 0.62661777309009, 0.6403648316860199, 0.6046025085449219
0.6571655801364353, 0.6260230217661177, 0.6511613090833028, 0.6081589937210083
0.6531839421817235, 0.6247694483825139, 0.652137021223704, 0.6135564821958542
0.6511885813304357, 0.628074837582452, 0.6513415952523549, 0.6112970703840256
0.655970185143607, 0.6260072699614934, 0.6490932246049245, 0.6016736388206482
0.6475387488092695, 0.6298514434269497, 0.6543641964594523, 0.6105439323186874
0.6575428400720869, 0.6239346546786172, 0.6516703804334004, 0.6044769895076751
0.6554338446685246, 0.6238943636417389, 0.6424859484036763, 0.6058577394485474
0.6548702316624778, 0.6264433911868504, 0.6486265738805135, 0.604811714887619
0.6489750453404017, 0.6324031974588121, 0.6600699961185456, 0.6041422575712204
0.6494068452290126, 0.6321767747402192, 0.6695407807826996, 0.6049790781736374
0.6542384386062622, 0.6262067547866277, 0.648934139808019, 0.604142255783081
0.6513113013335636, 0.6268530649798257, 0.6543748040994009, 0.6096234333515167
0.6637107397828783, 0.6230004463876997, 0.641923846801122, 0.6076150643825531
0.6590882233210973, 0.6210087503705706, 0.637374057372411, 0.6088702893257141
0.6512658510889325, 0.6300551678453173, 0.6630713601907094, 0.5931799143552781
0.6561156323977879, 0.6268787911960056, 0.6553717255592346, 0.6085355651378631
0.6529703199863434, 0.6268968914236341, 0.6488492945830028, 0.6030125492811202
0.6617926486900875, 0.6196958465235574, 0.6293774505456289, 0.6102510452270508
0.6487886905670166, 0.6284899311406272, 0.6553505082925161, 0.6131799191236496
0.6524748870304653, 0.6275456513677324, 0.6556262572606405, 0.6141422599554062
0.6540975391864776, 0.6266817373888833, 0.657439814011256, 0.605271965265274
0.6562838017940521, 0.6244799511773246, 0.652433979511261, 0.6050209194421768
0.6590018621512822, 0.6229766334806169, 0.6442570745944977, 0.6063598340749741
0.6504386169569832, 0.62955282330513, 0.6615653872489929, 0.6080753117799759
0.655661106961114, 0.6261144118649619, 0.649072015285492, 0.6091213375329971
0.6586518807070596, 0.6240534595080784, 0.6507052699724833, 0.6051046007871628
0.655152039868491, 0.6243542798927852, 0.6455191393693288, 0.603933053612709
0.6523658011640822, 0.6296629028660911, 0.6646091798941295, 0.5971548137068748
0.6531793986048017, 0.6284082250935691, 0.6611835837364197, 0.6026359832286835
0.6547747833388192, 0.6256456213338034, 0.6540672421455384, 0.6025522971153259
0.6565065213612148, 0.6257259249687195, 0.648159929116567, 0.6033891195058823
0.6480523654392787, 0.6302491434982844, 0.6566125810146332, 0.608786609172821
0.6600609072617122, 0.6243103861808776, 0.6518718838691712, 0.6020920485258102
0.651184036050524, 0.628101395709174, 0.6656485279401143, 0.602301254272461
0.6569519536835807, 0.6246123399053302, 0.6517128030459086, 0.6052301234006882
0.6551247681890215, 0.6262022921017238, 0.6518506745497386, 0.6075313800573349
0.654324803182057, 0.6261518367699215, 0.6539930005868276, 0.608451880812645
0.658629150901522, 0.6216975390911103, 0.6425283710161845, 0.6087447699904441
0.6561656270708357, 0.6248805114201137, 0.652762754758199, 0.6105857729911804
0.6642425349780492, 0.6216736010142735, 0.6456251978874207, 0.6060251015424728
0.6509567746094295, 0.6244781519685473, 0.6483614385128021, 0.6157322180271149
0.6599154600075313, 0.6218582195895058, 0.645434296131134, 0.606945607662201
0.6567065136773246, 0.6238737515040806, 0.6536854406197866, 0.6070711302757263
0.6597563735076359, 0.623855768782752, 0.6498037993907928, 0.6102092033624649
0.6644470725740705, 0.6213184756892068, 0.6448297778765361, 0.604351463317871
0.6626516955239432, 0.6204638540744781, 0.6433025777339936, 0.5995397475361824
0.6611381300858089, 0.6215572834014893, 0.6461872935295105, 0.6065271955728531
0.6549884106431688, 0.6240051703793662, 0.6535687784353892, 0.6099581617116928
0.6621244473116739, 0.621042195388249, 0.648615966240565, 0.6088702917098999
0.6566110636506762, 0.6232843424592699, 0.6475872337818146, 0.6093723827600479
0.6579610024179731, 0.6226224005222321, 0.6469614982604981, 0.6066945612430572
0.6518840031964438, 0.6264853409358433, 0.6598896980285645, 0.6073221755027771
0.6572292157581874, 0.6214853269713265, 0.6440979977448781, 0.6022594147920608
0.6590473175048828, 0.6248978819165911, 0.6563580433527628, 0.6064853554964066
0.6618153674261911, 0.6197185286453792, 0.6485523343086242, 0.6039748954772949
0.6633334824017116, 0.6199192379202162, 0.6482447763284047, 0.6046443516016007
0.6611472223486219, 0.6203959439482007, 0.6449464400609334, 0.6058995813131333
0.6583473469529834, 0.6206791503088814, 0.6470463414986928, 0.6041841012239456
0.6587200582027435, 0.6223179536206381, 0.6487750550111134, 0.6043933039903641
0.664765237058912, 0.6205611612115588, 0.6430904646714528, 0.6078661096096039
0.6565746997083937, 0.6251566069466727, 0.6562307834625244, 0.6030962347984314
0.6568065081323896, 0.6230979144573212, 0.6546717544396718, 0.606861925125122
0.660133627482823, 0.6209051915577479, 0.6479796330134074, 0.6049372392892838
0.6542248070240021, 0.6266612333910806, 0.6649485568205515, 0.6029707092046738
0.658306440285274, 0.6216030521052224, 0.647555414835612, 0.6041840988397599
0.6568519600800106, 0.6238622716494969, 0.6583624998728435, 0.5978661066293717
0.6586064253534589, 0.6239203470093864, 0.6557111064592998, 0.6023849374055863
0.6440752651010241, 0.6303216746875218, 0.6573761781056722, 0.6065271967649459
0.6542748042515346, 0.6260341618742261, 0.6499310572942097, 0.600669459104538
0.6595427445002965, 0.6259151748248509, 0.660207869609197, 0.6019665265083313
0.6607336018766675, 0.6195979935782296, 0.6524657984574636, 0.6031799143552781
0.6552247617925916, 0.6251533704144614, 0.6597730378309886, 0.6020083656907081
0.6662924408912658, 0.619528841972351, 0.6483826498190562, 0.6027196636795997
0.6593518435955048, 0.6201512404850551, 0.644649491707484, 0.6051046001911163
0.6550611359732491, 0.6263285636901855, 0.6660197218259175, 0.6005857729911804
0.6545202485152654, 0.6237882605620793, 0.6545126736164093, 0.6035983246564866
0.6592563952718462, 0.6232005059719086, 0.6523491362730662, 0.605815896987915
0.6626971500260489, 0.619956671340125, 0.6519355197747548, 0.6066527205705643
0.6614790201187134, 0.6198782418455396, 0.6479902346928914, 0.6003765666484833
0.66215626341956, 0.6211020401545934, 0.6540142099062601, 0.5987029302120209
0.6510931287493025, 0.6277887650898525, 0.6541945060094198, 0.6102510452270508
0.6613790265151432, 0.6240742674895695, 0.6525082170963288, 0.6077824264764786
0.6583927989006042, 0.6237945224557604, 0.6620108187198639, 0.604728033542633
0.663392573595047, 0.6194374408040728, 0.6504295249780019, 0.6080334722995758
0.6630471340247563, 0.616996932881219, 0.6450312832991282, 0.6095397478342056
0.6580791771411896, 0.6220790190356118, 0.6500901460647583, 0.5955230098962784
0.667583292722702, 0.620696736233575, 0.6509598016738891, 0.6055230104923248
0.6514022035258157, 0.6264553636312484, 0.6676741937796274, 0.6045188248157501
0.6647834198815482, 0.6183467532907213, 0.6418708244959513, 0.6064853543043136
0.6654242958341327, 0.6171120149748666, 0.6400360604127248, 0.6019246840476989
0.6643243474619729, 0.6193264850548336, 0.6399300038814545, 0.60577406167984
0.6539657260690417, 0.6302856734820774, 0.6754056692123414, 0.6043514603376389
0.6600927233695983, 0.6219438280378069, 0.6604411900043488, 0.6052719658613205
0.6606017921652113, 0.6178629866668156, 0.6465478837490082, 0.598326358795166
0.6593109394822801, 0.6236552553517478, 0.6644501010576884, 0.6031799131631851
0.6623017149312156, 0.6207038432359695, 0.6479054033756256, 0.6001673611998558
0.6593063907963889, 0.6222757756710052, 0.6498144030570984, 0.6084100389480591
0.6570746770926884, 0.6207705625465938, 0.6521264155705769, 0.6067364019155502
0.6614517518452235, 0.6185634297983987, 0.6464736501375834, 0.6028870302438736
0.6653652097497668, 0.6184522254126412, 0.6419026374816894, 0.6013389122486115
0.6540111797196525, 0.6252593551363264, 0.6581079661846161, 0.6030125540494918
0.6558883658477238, 0.6248702951839992, 0.6610775311787923, 0.602217571735382
0.6620335451194218, 0.6222418904304504, 0.6587548991044362, 0.605397487282753
0.6523112552506584, 0.6279878318309784, 0.6703361968199412, 0.6019665259122848
0.6617471924849919, 0.6218246630259923, 0.6592639724413554, 0.6030125522613525
0.6617199182510376, 0.6185247787407466, 0.646950892607371, 0.6055230122804641
0.6604108895574298, 0.6229482310158866, 0.6664439539114634, 0.6008368200063705
0.6564428840364729, 0.6219658536570413, 0.6519567290941874, 0.6038493710756302
0.6611972161701747, 0.6235816018921988, 0.6613002419471741, 0.6028033471107483
0.6625335173947471, 0.6217137038707733, 0.6587336937586467, 0.5989121335744858
0.6581246290888105, 0.6235955732209342, 0.6622123221556345, 0.6006276154518128
0.6607381428991045, 0.6187191443783896, 0.6500265081723531, 0.6067782393097878
0.6575064752783094, 0.6243565320968628, 0.6613744795322418, 0.5984518826007843
0.6621789898191179, 0.6217232014451708, 0.6604730109373729, 0.6005857726931572
0.6661788088934762, 0.6167009234428406, 0.6481811424096425, 0.6023012566566467
0.6621789898191179, 0.6219549221651894, 0.6597200115521749, 0.6000836807489395
0.6592382175581796, 0.622509959765843, 0.6583094696203867, 0.5977824246883392
0.6626698774950844, 0.6214053153991699, 0.6567504485448201, 0.6023849415779113
0.666251529966082, 0.6172255907739912, 0.6470463474591573, 0.6058158999681473
0.6552429386547634, 0.6274161815643311, 0.6682999233404795, 0.6047698730230331
0.6636516528470175, 0.6192915064947946, 0.6513946314652761, 0.6037656873464584
0.6591291282858167, 0.6221168066774095, 0.6604199786980947, 0.6002092060446739
0.6646697819232941, 0.6164290257862636, 0.6453282435735067, 0.5969037628173828
0.6674605676106045, 0.61963672041893, 0.652158236503601, 0.6031380760669708
0.65843825340271, 0.6251148164272309, 0.6595291157563528, 0.6071129685640335
0.6606972387858799, 0.6222959297043936, 0.6555095970630646, 0.5984518826007843
0.6666878742831094, 0.6179087511130742, 0.648902314901352, 0.5981171506643296
0.6586018758160728, 0.6233501059668405, 0.6653409639994303, 0.6038075315952302
0.6662197147096907, 0.616742810181209, 0.6498568216959636, 0.602050210237503
0.6644334375858307, 0.6196080190794808, 0.6528369883696238, 0.60092050075531
0.6684514369283404, 0.6152194440364838, 0.641902643442154, 0.6034309601783753
0.6602836276803697, 0.6229616216250828, 0.6617880960305532, 0.6004602485895156
0.6606972362313952, 0.6196304517132896, 0.6569201389948527, 0.6049790769815445
0.6549793200833457, 0.6204840532370977, 0.6563262303670248, 0.6057740527391434
0.6636334751333509, 0.6230720239026206, 0.6534309009710948, 0.6063598358631134
0.6614199374403272, 0.621196118422917, 0.66509703596433, 0.6024267774820328
0.6592973053455353, 0.6200012539114271, 0.6535369555155436, 0.6020920491218567
0.6662424428122384, 0.6172474954809462, 0.6407678425312042, 0.6047280329465866
0.6580337277480535, 0.6245490338121141, 0.6609078367551168, 0.6049372345209122
0.6625198866639819, 0.6215564898082189, 0.6610775311787923, 0.6053138065338135
0.6704649797507695, 0.6159623554774694, 0.6444797972838084, 0.6000000005960464
0.6661242655345372, 0.618645087310246, 0.6530597090721131, 0.6058577382564545
0.6625198866639819, 0.6180898215089525, 0.6549368977546692, 0.6034309637546539
0.6641289046832494, 0.6172278944935118, 0.6493583599726359, 0.6051464405655861
0.6533066655908312, 0.6297045111656189, 0.6664439519246419, 0.6055230140686035
0.6641470840999059, 0.619491126707622, 0.6553080916404724, 0.599163179397583
0.6574155713830675, 0.6214214605944497, 0.6536218047142028, 0.6038912099599838
0.6651606713022504, 0.6195934985365187, 0.6497401555379232, 0.6058158999681473
0.6639334559440613, 0.6193922443049295, 0.6574292063713074, 0.6061506259441376
0.6663742542266846, 0.6179441639355251, 0.6541520853837332, 0.6090376538038254
0.6543111639363425, 0.6234864217894418, 0.6659773071606954, 0.5993723848462105
0.6658788221223014, 0.6174143101487841, 0.6517976442972819, 0.5986610862612725
0.6563201691423144, 0.6239860304764339, 0.6607593556245168, 0.6064853525161743
0.6587655110018594, 0.6210862500326974, 0.6530278960863749, 0.6059414213895797
0.6598154604434967, 0.6201281424079622, 0.6564641018708547, 0.6085774028301238
0.6700240918568202, 0.6142837490354266, 0.6454661150773366, 0.5970292896032333
0.6588655063084193, 0.6225019429411207, 0.6657439788182576, 0.6065271937847138
0.6679923628057752, 0.6179856479167938, 0.6523809512456258, 0.5989539748430253
0.6653379414762769, 0.6184549008096968, 0.6536854406197866, 0.5998326325416565
0.6637061953544616, 0.6193322641508919, 0.6607487579186757, 0.5974476981163025
0.65756556391716, 0.6241916171142033, 0.668437796831131, 0.604728033542633
0.6597154659884317, 0.6189390105860574, 0.6529006203015645, 0.6037656909227371
0.6601609008652823, 0.6239298684256417, 0.6665075798829396, 0.6028451877832413
0.6595518410205841, 0.6192236730030605, 0.6594548722108206, 0.6043933057785034
0.6645152509212494, 0.6176868898527963, 0.6529536465803782, 0.6000418391823769
0.666169719185148, 0.6148330135004861, 0.6445116142431895, 0.599372386932373
0.6624244366373334, 0.6188257660184587, 0.6491886734962463, 0.6033472800254822
0.6549384117126464, 0.6266018714223589, 0.6769858916600545, 0.6071966522932053
0.6575519297804151, 0.6210725052016122, 0.6597942511240641, 0.6021757310628891
0.6592109450272151, 0.6235551987375532, 0.6635910491148631, 0.6026359802484512
0.6544657068593162, 0.6235522474561419, 0.6590094427267711, 0.6023012518882751
0.6640289059707096, 0.6191026542867933, 0.6494219978650411, 0.6027196627855301
0.6628471434116363, 0.6198693948132651, 0.6578640361626943, 0.6042677813768387
0.6660469974790301, 0.6161135911941529, 0.6450843155384064, 0.6064016705751419
0.6618835517338344, 0.6205094133104597, 0.6632940888404846, 0.6038493728637695
0.6582473533494132, 0.6198802198682513, 0.6502280195554098, 0.6056485342979431
0.6614835671016148, 0.6214005410671234, 0.6556474685668945, 0.603933054804802
0.6572564848831721, 0.6240294303212847, 0.6678120652834575, 0.6013807481527329
0.6536202907562256, 0.6213094370705741, 0.6583306769529979, 0.6117991614341736
0.6659288210528237, 0.6191151295389448, 0.6599427243073781, 0.6018828439712525
0.6603154378277915, 0.6215824740273612, 0.6705695152282715, 0.6059414219856262
0.6683605262211391, 0.6148039358002799, 0.648796264330546, 0.6056066909432412
0.6603699837412152, 0.619378639119012, 0.6496871372063955, 0.6034728026390076
0.6689377759184156, 0.6153182638542992, 0.6485947628815969, 0.6012970721721649
0.6620426314217703, 0.6207509968961988, 0.6567610522111257, 0.6022594121098518
0.6619880906173161, 0.6196481662137168, 0.6630925873915354, 0.6006694576144218
0.6595836528709956, 0.622107378925596, 0.6607275386651357, 0.5993723845481873
0.6682605343205589, 0.6180073363440377, 0.6534521102905273, 0.6020083671808243
0.6591836716447558, 0.6207945014749254, 0.6605790634950002, 0.6010460251569748
0.6584427918706621, 0.6217774420976638, 0.6631562173366546, 0.600376567542553
0.6664924315043859, 0.6190118125506809, 0.6507158716519673, 0.6032217562198638
0.6698013739926475, 0.6171976642949241, 0.6554671744505565, 0.5998744750022889
0.6623926196779524, 0.6202084805284228, 0.6622229297955831, 0.5992050197720528
0.6606608791010721, 0.6195814277444567, 0.6505992074807485, 0.6015899556875229
0.6581064530781338, 0.6196434259414673, 0.6614911417166393, 0.6024267786741256
0.664919776575906, 0.617476670231138, 0.6558277646700541, 0.5956903776526451
0.6672469420092446, 0.6177477432148797, 0.6554883817831675, 0.5994142252206802
0.6656152026993888, 0.6204252243041992, 0.6587549030780793, 0.5997907924652099
0.6583291641303471, 0.62236647605896, 0.6682681103547414, 0.6057322198152542
0.663756194284984, 0.6176789769104549, 0.6554989953835805, 0.605188285112381
0.6619880889143263, 0.6216602563858032, 0.6717785596847534, 0.6024267786741256
0.65736557500703, 0.622554909331458, 0.6674408713976542, 0.6007112976908684
0.6637107397828783, 0.6204984392438616, 0.661872943242391, 0.6013389110565186
0.6592063971928188, 0.6232571014336177, 0.6634955962498983, 0.5997907942533494
0.663128947360175, 0.6237682385104043, 0.6724997361501058, 0.6054811704158783
0.6648515999317169, 0.6152683011123112, 0.6500795443852743, 0.6035564824938774
0.666715145111084, 0.61624259522983, 0.6473326961199443, 0.6041422581672669
0.6549611364092146, 0.6266211450099946, 0.673019411166509, 0.6030125510692597
0.6666196967874255, 0.6180303088256291, 0.6608017822106679, 0.5969456052780151
0.6694422977311271, 0.6155451753309795, 0.6509704073270162, 0.5983263596892356
0.6645697900227138, 0.6198781813894, 0.6591367105642955, 0.6020083665847779
0.657111041034971, 0.6206820505005973, 0.6552762766679128, 0.6061924695968628
0.6644970672471183, 0.6166604544435229, 0.64939018090566, 0.6040585762262345
0.6640925398894719, 0.6200048071997506, 0.666772719224294, 0.6003765681385994
0.6665424261774335, 0.6157016021864755, 0.6554035385449727, 0.5980753099918366
0.6688195986407144, 0.6143947303295135, 0.6393891115983327, 0.5988284492492676
0.6629925906658173, 0.6204525411128998, 0.6579594890276591, 0.6022175711393356
0.6582882591656276, 0.6217332550457546, 0.6674408733844757, 0.6014644330739976
0.6624562510422298, 0.6206079938582012, 0.6645561595757802, 0.6010878646373748
0.6620426314217703, 0.6202435885156904, 0.6642485916614532, 0.602343094944954
0.6531975822789329, 0.6285281462328774, 0.6875702659289042, 0.6023430955410004
0.6660469974790301, 0.6164550934519086, 0.6561353266239166, 0.6013389074802399
0.6599290915897914, 0.6165063347135271, 0.6491674641768138, 0.6070292887091636
0.6660560880388532, 0.6188729814120701, 0.6565913657347361, 0.5984100407361984
0.6577655579362597, 0.6221481987408229, 0.6641213238239289, 0.606736401617527
0.6606563321181707, 0.6235805554049355, 0.6742390513420105, 0.6017573195695877
0.6660469966275352, 0.6185760932309287, 0.6532399992148081, 0.602970712184906
0.6589927732944488, 0.6202240714005062, 0.6553717295328776, 0.6004184120893479
0.6670787675040108, 0.6186475813388824, 0.6597836474577586, 0.601966524720192
0.6576155619961875, 0.6225752540997096, 0.6678226788838705, 0.5933472794294358
0.6597200112683432, 0.6236920067242213, 0.670399832725525, 0.5971548086404801
0.6661969934191022, 0.6162484467029572, 0.6534415066242218, 0.5961087882518769
0.6615108396325793, 0.6216289043426514, 0.6715770542621613, 0.6015062725543976
0.6665060690471104, 0.6164565162999289, 0.6576307157675425, 0.60158995449543
0.6541248151234218, 0.6254961507661002, 0.671046769618988, 0.6042677807807922
0.6692468523979187, 0.6177222737244197, 0.6618411223093669, 0.6010041841864586
0.6679923611027854, 0.6147611652101789, 0.6490083773930867, 0.6049372375011444
0.6717149189540318, 0.6159901099545615, 0.6525506416956584, 0.6011715471744538
0.670746784550803, 0.6130171277693339, 0.654735388358434, 0.600041840672493
