0.5922821692058018, 0.6782775121075767, 0.5948881129423778, 0.645397487282753
0.5932048533643995, 0.6761572982583727, 0.5927351832389831, 0.645397487282753
0.5913913011550903, 0.6764553896018437, 0.5969668050607045, 0.645397487282753
0.5926457907472338, 0.6759724983147213, 0.5940396626790364, 0.645397487282753
0.5916594701153891, 0.6762895047664642, 0.596341077486674, 0.645397487282753
0.5932275806154523, 0.6756973556109838, 0.5926821529865265, 0.645397487282753
0.5947775108473642, 0.6751272261142731, 0.5890656491120656, 0.645397487282753
0.5929139580045427, 0.6757894550051008, 0.5934139390786489, 0.645397487282753
0.5938684616770064, 0.6754511134965079, 0.5911867638429006, 0.645397487282753
0.5914322095257896, 0.676265560729163, 0.5968713521957397, 0.645397487282753
0.5946411533015115, 0.6751299457890647, 0.5893838167190552, 0.645397487282753
0.5921230844088963, 0.6760032032217298, 0.5952593108018239, 0.645397487282753
0.5926594240324837, 0.6758184501102993, 0.5940078516801198, 0.645397487282753
0.5928230549607958, 0.6757103332451412, 0.5936260461807251, 0.645397487282753
0.5914912973131452, 0.6762810034411294, 0.5967334806919098, 0.645397487282753
0.5917231048856463, 0.6760711031300681, 0.596192596356074, 0.645397487282753
0.5948365986347198, 0.6749534819807325, 0.5889277776082357, 0.645397487282753
0.5928639607770102, 0.6757245217050825, 0.5935305992762248, 0.645397487282753
0.5925412484577723, 0.6758288545267922, 0.5942835946877797, 0.645397487282753
0.5942548070635114, 0.6751392475196294, 0.5902852912743887, 0.645397487282753
0.5921094494206565, 0.675864326953888, 0.5952911257743836, 0.645397487282753
0.594213902098792, 0.6750961422920227, 0.5903807361920674, 0.645397487282753
0.5923639842442103, 0.6758773446083068, 0.5946972111860911, 0.645397487282753
0.5923639842442103, 0.6758798224585397, 0.5946972111860911, 0.645397487282753
0.5943866201809475, 0.674981233051845, 0.5899777273337047, 0.645397487282753
0.5943502570901599, 0.6750426914010729, 0.5900625745455425, 0.645397487282753
0.5935457510607584, 0.6753005649362291, 0.5919397552808126, 0.645397487282753
0.5911140407834734, 0.6761552393436432, 0.5976137459278107, 0.645397487282753
0.5938093721866607, 0.6751128929001945, 0.5913246393203735, 0.645397487282753
0.5938866427966527, 0.6750960281917027, 0.5911443412303925, 0.645397487282753
0.5924412531512124, 0.6756651367459978, 0.594516917069753, 0.645397487282753
0.5933593937328884, 0.6751975757735116, 0.5923745890458425, 0.645397487282753
0.592159447499684, 0.6758329272270203, 0.5951744635899862, 0.645397487282753
0.5921003605638232, 0.6757405093738011, 0.5953123331069946, 0.645397487282753
0.5931094041892461, 0.6751867549760001, 0.5929578979810078, 0.645397487282753
0.5926730581692287, 0.6753035451684679, 0.5939760386943818, 0.645397487282753
0.5917731046676635, 0.6756313042981285, 0.5960759301980336, 0.645397487282753
0.5935093862669808, 0.6748761347361973, 0.5920246064662933, 0.645397487282753
0.5929094135761261, 0.6750453037875039, 0.5934245427449544, 0.645397487282753
0.5953002154827118, 0.6740992520536695, 0.5878460049629212, 0.645397487282753
0.5927139673914228, 0.6749676900250571, 0.5938805838425955, 0.645397487282753
0.5919503663267408, 0.6752379357814788, 0.5956623196601868, 0.645397487282753
0.5926048832280295, 0.6748114398547581, 0.5941351135571797, 0.645397487282753
0.5932230361870356, 0.674608609506062, 0.592692756652832, 0.645397487282753
0.5942866240228926, 0.6742047352450234, 0.5902110517024994, 0.645397487282753
0.5934139353888376, 0.6743287554809025, 0.5922473251819611, 0.645397487282753
0.592909415279116, 0.6745110060487475, 0.5934245387713114, 0.645397487282753
0.5936048362936293, 0.6742896003382547, 0.5918018897374471, 0.645397487282753
0.5917776465415955, 0.6750162141663688, 0.5960653324921926, 0.645397487282753
0.5927185135228293, 0.6745025796549661, 0.5938699762026469, 0.645397487282753
0.5917458312852042, 0.674420154946191, 0.5961395680904389, 0.645397487282753
0.5916685606752123, 0.674617041008813, 0.5963198661804199, 0.645397487282753
0.5939002777848925, 0.6734497266156333, 0.5911125262578328, 0.645397487282753
0.5922321728297643, 0.6745758524962834, 0.5950047711531321, 0.645397487282753
0.5939911816801343, 0.6739009661333901, 0.5909004171689352, 0.645397487282753
0.594459342956543, 0.6735612060342516, 0.5898080408573151, 0.645397487282753
0.5936639240809849, 0.6733217699187143, 0.5916640182336171, 0.645397487282753
0.5916003848825182, 0.6744122973510197, 0.5964789430300395, 0.645397487282753
0.5933548484529768, 0.6733490986483438, 0.5923851946989696, 0.645397487282753
0.5943548032215663, 0.6732772469520569, 0.5900519669055939, 0.645397487282753
0.5942411729267665, 0.6732223910944802, 0.5903171042601267, 0.645397487282753
0.5910458624362945, 0.67418652176857, 0.5977728287378947, 0.645397487282753
0.5945957022053855, 0.6724173707621438, 0.5894898692766826, 0.645397487282753
0.592963958638055, 0.6729728077139173, 0.593297270933787, 0.645397487282753
0.5933866662638528, 0.6730231966291155, 0.5923109531402588, 0.645397487282753
0.5923230767250061, 0.673548127923693, 0.5947926620642344, 0.645397487282753
0.5942138995443071, 0.6724983973162515, 0.5903807421525319, 0.645397487282753
0.592068543604442, 0.6734724138464246, 0.5953865726788838, 0.645397487282753
0.5932866675513131, 0.6725410810538701, 0.5936366518338522, 0.6438493710756302
0.5935775646141597, 0.6725093918187278, 0.5941033025582632, 0.6428451853990554
0.5935275648321424, 0.672164352451052, 0.5929154694080353, 0.6445606684684754
0.5931684902736118, 0.6726225861481258, 0.5970198333263397, 0.642761504650116
0.5946456985814231, 0.6710788335118975, 0.589479265610377, 0.64535564661026
0.5938320994377136, 0.6729987757546562, 0.5964577317237854, 0.6426778221130371
0.5945957030568804, 0.6720206686428615, 0.5963728904724122, 0.6400836795568466
0.5953593024185726, 0.6722532757690974, 0.595280522108078, 0.6317573207616806
0.5952774899346488, 0.6714464621884483, 0.5956729273001353, 0.6404602497816085
0.5977773717471532, 0.6711220409188952, 0.5950790107250213, 0.637531378865242
0.5969864998544966, 0.6715589199747358, 0.5973167896270752, 0.6356066906452179
0.5946320635931832, 0.6715084348406111, 0.5966910560925801, 0.6419246816635131
0.5984273476260049, 0.6697963842323849, 0.5922367175420126, 0.6400836801528931
0.5989409565925599, 0.6710935924734388, 0.5916003783543905, 0.6405439305305481
0.5974955660956246, 0.6700879403523037, 0.5924064099788666, 0.6391631788015366
0.5999090952532632, 0.6699546379702431, 0.5947820544242859, 0.6374895352125168
0.5988091443266187, 0.6697071186133794, 0.5953759709993999, 0.6412970691919326
0.5970092262540545, 0.6702876499720982, 0.5958426157633464, 0.6430125486850738
0.6002590809549604, 0.6694628919873918, 0.5950578053792318, 0.6399581581354141
0.6001590839454106, 0.6698235281876155, 0.5999681830406189, 0.6361087828874588
0.5993591197899409, 0.6689830618245262, 0.5939972500006357, 0.6403765666484833
0.6011044928005763, 0.6684340936797005, 0.5957047402858734, 0.6388702917099
0.5987500590937478, 0.6697070811476026, 0.6027362426122029, 0.6389958173036575
0.6007545113563537, 0.6695553924356188, 0.6005727012952169, 0.6382008332014084
0.602777145590101, 0.6682843233857836, 0.5973061819871267, 0.632510456442833
0.6005090636866434, 0.6693584893430983, 0.6048997739950815, 0.6266945600509644
0.6043407116617475, 0.668171569279262, 0.5987167259057363, 0.6262343055009842
0.6035316552434649, 0.6674867740699223, 0.5988439977169037, 0.6357322174310684
0.6022135325840541, 0.6673366095338549, 0.600445435444514, 0.6360669434070587
0.606281532560076, 0.6666083914893014, 0.5986000617345174, 0.6315481144189835
0.6026044258049557, 0.6669399661677224, 0.6044861594835917, 0.6363179874420166
0.6034043891089304, 0.6660802057811193, 0.5983349243799846, 0.6368200832605362
0.6045634286744254, 0.6667850571019309, 0.6032028834025065, 0.6276150614023208
0.6037589183875492, 0.6672095894813538, 0.6057906488577525, 0.6327615040540695
0.6041816251618521, 0.666166136094502, 0.6041891992092132, 0.6389539748430252
0.6064178875514439, 0.6658063888549804, 0.6041573882102966, 0.6278661072254181
0.607317852122443, 0.6647975529943194, 0.606851198275884, 0.6274895375967026
0.6100313629422869, 0.6642807262284415, 0.6023862441380818, 0.6266527199745178
0.6090268654482706, 0.664886724948883, 0.6032453020413716, 0.6283263611793518
0.6087859673159463, 0.6639766676085336, 0.6046452403068543, 0.6321757328510285
0.6071587656225477, 0.6653535076550074, 0.6072224020957947, 0.6254811692237854
0.608149630682809, 0.6640872044222695, 0.607317845026652, 0.6289958149194718
0.6091995809759413, 0.6641887204987662, 0.6055891394615174, 0.6315062743425369
0.609367755481175, 0.6634641230106354, 0.6053452094395956, 0.6182845157384872
0.6086041527135032, 0.6639154016971588, 0.6056845883528391, 0.626736398935318
0.6118949115276336, 0.6626622566155025, 0.6029059290885925, 0.6190376561880112
0.61219944528171, 0.6628902137279511, 0.6067451516787211, 0.6266527181863785
0.6140402717249734, 0.6611779860087803, 0.6033831814924876, 0.6278661060333252
0.6107495129108429, 0.6622453732149941, 0.6042740404605865, 0.625397487282753
0.6165719747543335, 0.660705372265407, 0.6026726047197978, 0.6267782413959503
0.6126766979694367, 0.6624213448592595, 0.6103404382864634, 0.6164853513240814
0.6163447099072593, 0.659530121088028, 0.6040089070796967, 0.6301673609018326
0.6106813303061894, 0.6606655197484153, 0.610372257232666, 0.6289539742469787
0.6150311367852347, 0.6599308925015586, 0.6076678355534871, 0.6248535531759262
0.6151811284678322, 0.6605694081102099, 0.6130766689777374, 0.6186610847711563
0.6180309968335288, 0.6588640000138964, 0.6047088801860809, 0.62447698533535
0.6098450056144169, 0.6618977214608873, 0.6115070462226868, 0.6333891189098358
0.6142857159887042, 0.6585975136075701, 0.6144235908985138, 0.6270292890071869
0.6161810832364218, 0.6588401206902095, 0.6092056453227996, 0.6271966511011123
0.6181173545973642, 0.6574490334306444, 0.6086965759595235, 0.621297065615654
0.6134493844849723, 0.6597255272524697, 0.6151447733243306, 0.6268619245290756
0.618117356300354, 0.6579281900610242, 0.6086647590001424, 0.6270711266994476
0.617253759929112, 0.6571827147688184, 0.6092056413491567, 0.6135983228683471
0.6172901247228895, 0.6572132050991059, 0.6131509145100912, 0.6222175711393356
0.6189673168318612, 0.6569245525768825, 0.6142008642355601, 0.622510461807251
0.6187627826418195, 0.657269720520292, 0.6116555313269297, 0.6269874483346939
0.6175810175282614, 0.6584267965384892, 0.61723406513532, 0.6276569014787674
0.6200445422104427, 0.6555780870573861, 0.6144235908985138, 0.6249372380971908
0.617285577739988, 0.6573439138276237, 0.6181037207444509, 0.6209623450040818
0.62185355254582, 0.6550469756126404, 0.6109343508879344, 0.6194142264127731
0.6203490742615291, 0.6563207064356122, 0.6173825422922771, 0.6163598299026489
0.6190491344247545, 0.6561179944447109, 0.6158659438292186, 0.6255230122804641
0.6197900133473533, 0.6565149000712803, 0.6181355357170105, 0.6231380724906921
0.6227807819843292, 0.6553565604346139, 0.6180294851462046, 0.6218828463554382
0.6122267152581896, 0.6556859799793788, 0.6166825791200002, 0.6347280329465866
0.6254442972796304, 0.6534675921712603, 0.6122070252895355, 0.6249372386932373
0.6231216762747084, 0.6529577672481537, 0.6134372671445211, 0.6269037646055221
0.6215444760663169, 0.6548884425844465, 0.6226747274398804, 0.620418404340744
0.6212944848196847, 0.655288187946592, 0.620712693532308, 0.624937236905098
0.6249306849070958, 0.652814667565482, 0.6184324959913889, 0.6179497861862182
0.6291895806789398, 0.6497971866812025, 0.6114222089449565, 0.6193723839521408
0.624562521491732, 0.6535455533436366, 0.6141478459040324, 0.6263179892301559
0.6279714541775839, 0.6502441023077283, 0.6141584495703379, 0.6220083665847779
0.6280759990215301, 0.6494149080344609, 0.6103404422601064, 0.6239748913049697
0.6193445742130279, 0.6558306574821472, 0.6270230114459991, 0.6235564863681793
0.6294895648956299, 0.6496828309127263, 0.6186339994271596, 0.6198326343297959
0.6264533426080431, 0.6514917126723698, 0.6209035972754161, 0.6104602497816086
0.622376252072198, 0.65405792423657, 0.6348711391290028, 0.620585772395134
0.6302304455212184, 0.6491269775799342, 0.6180612961451213, 0.6143514627218246
0.6274669349193573, 0.650478960786547, 0.6255594472090403, 0.6106694525480271
0.6277487363134112, 0.6504192292690277, 0.6226323068141937, 0.6141004186868667
0.6316985598632268, 0.649769389629364, 0.6197369794050852, 0.6170292854309082
0.6279578217438289, 0.6497399287564414, 0.6180082758267721, 0.6159832638502121
0.6266033342906407, 0.6506229264395578, 0.6262381970882416, 0.6169456058740616
0.6271078612123216, 0.6509760022163391, 0.6215717474619548, 0.619581590294838
0.6263488003185818, 0.6484941916806357, 0.6205960313479105, 0.6242677813768387
0.6293532141617366, 0.6489372253417969, 0.621327817440033, 0.6217573201656341
0.6263260764735086, 0.6475350260734558, 0.6140736043453217, 0.6088702934980392
0.6286168796675545, 0.649683095727648, 0.6258457899093628, 0.6140585768222809
0.6298304600375039, 0.6484211019107273, 0.620139996210734, 0.6166945600509643
0.6332075825759342, 0.6484302341938019, 0.6240004281202952, 0.6169456034898758
0.6270896800926753, 0.6483531389917646, 0.6266624252001445, 0.6166108787059784
0.6318849163396018, 0.6467034987040928, 0.6210944930712382, 0.6112970697879792
0.6304713419505528, 0.6484255450112479, 0.6244882841904958, 0.6163598316907882
0.6328439584800175, 0.6481856567519052, 0.6268533249696095, 0.6084100419282913
0.632162173305239, 0.6458433517387935, 0.6248912870883941, 0.619079492688179
0.6323030761310032, 0.6468027225562505, 0.6273729979991913, 0.6147698730230331
0.631975816828864, 0.6478659621306828, 0.6322939852873485, 0.6146861922740936
0.6302940777369908, 0.6470175879342216, 0.6272033095359802, 0.6119246852397918
0.6349984100886754, 0.6457668014935085, 0.6272033075491588, 0.6132635962963104
0.6328485088688987, 0.6464676090649196, 0.6274260262648265, 0.6103347283601761
0.6323803484439849, 0.6461828742708479, 0.630034997065862, 0.6157740592956543
0.6329757715974536, 0.6452626620020185, 0.6291653434435527, 0.6141004174947738
0.6269987761974335, 0.6489669007914407, 0.6344363133112589, 0.611589959859848
0.6294532086168017, 0.6496054887771606, 0.6397391021251678, 0.6079916313290596
0.6299077323504857, 0.6471262684890202, 0.6281259973843892, 0.617489539384842
0.6329939535685948, 0.6478953557355064, 0.6337893704573313, 0.6166945588588715
0.6311531305313111, 0.6449075894696372, 0.6259836634000142, 0.6215062755346298
0.6360256331307548, 0.645552362714495, 0.6313500861326854, 0.6065690368413925
0.6307304186480386, 0.6444102593830654, 0.6302577137947083, 0.6181589949131012
0.6369801410606929, 0.6418512506144387, 0.6258988221486409, 0.616025105714798
0.630944047655378, 0.645106383732387, 0.6294092655181884, 0.6070292901992798
0.6326848762375968, 0.644594075850078, 0.6265669763088226, 0.6212133896350861
0.6398481854370662, 0.6390578261443547, 0.6176476836204529, 0.6208786582946777
0.6340802712099892, 0.6438401034900121, 0.6312864581743877, 0.6085774019360543
0.6353665752070291, 0.6443161283220563, 0.6342454135417939, 0.6082008349895477
0.6338984617165156, 0.6436109142644065, 0.625909427801768, 0.6227196651697159
0.6366528826100486, 0.6415136175496238, 0.6287835399309795, 0.6141422587633133
0.631144039119993, 0.6452192502362387, 0.6346590320269266, 0.6170711296796799
0.6370074110371726, 0.6447487499032701, 0.6377134422461191, 0.6009623447060585
0.6377664659704481, 0.6432096370628901, 0.6325273076693217, 0.6096234273910522
0.6357438283307212, 0.6434432174478258, 0.6363028943538666, 0.6097489547729492
0.6371437668800354, 0.6407161159174782, 0.6282956779003144, 0.6115062737464905
0.6367483283792224, 0.6425369100911277, 0.631710684299469, 0.6166945594549179
0.6383209875651769, 0.6411656848021916, 0.6261533598105112, 0.6049790811538697
0.6355165660381317, 0.6435135040964399, 0.630310740073522, 0.6149372363090515
0.6368710560458047, 0.6430300380502428, 0.6354226370652517, 0.6070292890071869
0.6378346443176269, 0.6424729313169207, 0.6329833428064983, 0.6038912120461464
0.6371301310403007, 0.6413068830966949, 0.6306713302930196, 0.6138493710756302
0.6445570656231472, 0.6372402242251805, 0.6226535101731618, 0.6107531386613846
0.6363574368613106, 0.644497651713235, 0.641467809677124, 0.6138493710756302
0.638252808366503, 0.6394296484334129, 0.629133528470993, 0.6035564857721328
0.6407254193510328, 0.6408743364470345, 0.6267578780651093, 0.6092050206661225
0.6382755381720406, 0.6420429638453893, 0.6369498312473297, 0.6105020874738694
0.6398390999862126, 0.6399626101766314, 0.6331212182839712, 0.6099163192510605
0.6379937308175223, 0.642203803573336, 0.6382331132888794, 0.6095397469401359
0.635402935743332, 0.6401388347148895, 0.6326439758141835, 0.6107112973928451
0.6484341604369027, 0.6360474714211055, 0.6237246751785278, 0.6035983264446259
0.6386800629752023, 0.6426465724195752, 0.6390073160330455, 0.6045606690645218
0.6372301246438707, 0.6404086751597268, 0.6328878998756409, 0.6110878640413284
0.6425526108060564, 0.6396944812365941, 0.633407570918401, 0.6069456052780151
0.6375028388840812, 0.6423140883445739, 0.6425177653630575, 0.6030125498771668
0.640602697644915, 0.6388758999960763, 0.6302789251009623, 0.6165690392255783
0.6439480006694793, 0.6379136783736092, 0.6330257713794708, 0.6055648493766784
0.6405254329953874, 0.639391827583313, 0.6386149108409882, 0.6025941449403763
0.636121084860393, 0.6432586141995021, 0.644946446021398, 0.6102928870916366
0.6391391328402928, 0.6412241518497467, 0.6426344255606333, 0.6108368170261383
0.6348802311079843, 0.6412955701351166, 0.6340863307317098, 0.6136820030212402
0.6432025824274336, 0.6380520309720721, 0.6324212590853373, 0.6112552285194397
0.6420071814741407, 0.6387600192001888, 0.6350302239259084, 0.6075313830375672
0.6413481201444353, 0.6415331678731101, 0.6409375369548798, 0.6050209212303161
0.6427526014191763, 0.6364543863705227, 0.6298334956169128, 0.6067364007234574
0.6387482345104217, 0.6390862124306815, 0.6358468552430471, 0.6128451877832413
0.6460433602333069, 0.6367095853601183, 0.6317531029383342, 0.6054811716079712
0.6445752458912986, 0.6352893275874002, 0.6249443213144938, 0.611422592997551
0.6373073944023677, 0.6389968233449118, 0.6346166133880615, 0.5950209188461304
0.6372255785124642, 0.6401127363954272, 0.6413511514663697, 0.6143933016061783
0.6407708730016436, 0.6391438986573901, 0.6414996325969696, 0.6021757301688194
0.6462478986808232, 0.6372502642018455, 0.6386043111483256, 0.6060669428110123
0.6447661467960902, 0.6360360256263188, 0.6287411173184713, 0.6133054411411285
0.6478841858250755, 0.6325264734881265, 0.6247534175713857, 0.6043514621257782
0.6487886931215013, 0.6353128850460052, 0.6307031512260437, 0.6040585768222809
0.6440207285540445, 0.6361334426062447, 0.6347862998644511, 0.6070711296796799
0.6458160979407174, 0.6366487145423889, 0.6380103905995687, 0.603472803235054
0.6488977823938642, 0.6340880870819092, 0.6331106185913086, 0.6080334740877151
0.6455888364996228, 0.6361514968531472, 0.6404284695784251, 0.6092050176858902
0.645425203868321, 0.6342473719801222, 0.6331742525100708, 0.6078661075234413
0.6485659735543388, 0.6331957246576037, 0.6328560789426168, 0.6031380766630172
0.640893600668226, 0.6364165161337171, 0.6376073837280274, 0.6045188271999359
0.6448297832693373, 0.6346857428550721, 0.6331742505232493, 0.611338911652565
0.6425662474972861, 0.6389696606567927, 0.6441510200500489, 0.6051045989990235
0.6400845399924687, 0.637716715676444, 0.6396330495675405, 0.6067363995313645
0.638134628534317, 0.640026934657778, 0.6433450023333231, 0.6069456058740615
0.6474296637943813, 0.6343654343060084, 0.6307031472524007, 0.6037656897306443
0.6425526116575514, 0.6380870750972203, 0.6433874189853668, 0.610083680152893
0.6474796576159341, 0.6362039004053388, 0.6415526608626048, 0.6083682030439377
0.6443616211414337, 0.6349005920546396, 0.6372786124547323, 0.6098326361179351
0.643298031602587, 0.6349589134965624, 0.630310740073522, 0.6119665259122848
0.6461433563913618, 0.6365164135183606, 0.6391027688980102, 0.6042259383201599
0.6476705636296953, 0.6348116176468985, 0.6368968109289805, 0.6049372339248658
0.6464069809232439, 0.6371993286269052, 0.6464630365371704, 0.6059414196014404
0.6451024941035679, 0.633446227652686, 0.634001487493515, 0.6089121305942535
0.644534340926579, 0.634384800706591, 0.632463671763738, 0.609665270447731
0.6488750517368317, 0.6334174198763711, 0.6400360584259033, 0.6016317975521087
0.6468705994742258, 0.6341590515204838, 0.6403118054072062, 0.605271965265274
0.6404208890029363, 0.6378523102828435, 0.6416481037934622, 0.6129288685321808
0.6525794310229165, 0.630332636833191, 0.6252836942672729, 0.604476986527443
0.6466069757938385, 0.634270612682615, 0.6399512191613516, 0.6111715447902679
0.6452661258833748, 0.6330977771963392, 0.6331424295902253, 0.6069874447584153
0.6411481303828103, 0.6345143905707769, 0.6319864292939504, 0.61824267745018
0.6419753628117698, 0.6388983147484916, 0.6523809532324473, 0.6047698760032654
0.6450343149048942, 0.6335279064519065, 0.6360483646392823, 0.6093723833560943
0.6441389007227761, 0.6372608380658286, 0.6507264812787373, 0.6074058592319489
0.6491386745657239, 0.629964360169002, 0.6277335902055104, 0.61071129322052
0.6498613681112017, 0.6333260178565979, 0.6378831247488658, 0.6035146439075469
0.6394027548176902, 0.6391660656247821, 0.6490083754062652, 0.6083263599872589
0.6509249585015433, 0.6330768483025687, 0.645094919204712, 0.6045188301801682
0.6437707364559173, 0.6352265179157257, 0.6477781315644582, 0.6066527217626572
0.6471933075359889, 0.6359370827674866, 0.6440767804781596, 0.6082008370757103
0.6435480185917446, 0.6368277600833347, 0.6466433386007945, 0.6103765696287156
0.6448343251432691, 0.6360726705619267, 0.6474175393581391, 0.5925104558467865
0.6419617303780147, 0.6322781307356699, 0.6320712705453236, 0.6199999976158143
0.6505477011203766, 0.6346869826316833, 0.6461978991826375, 0.6033891224861145
0.649379574401038, 0.6319727676255362, 0.6420617202917734, 0.604100416302681
0.6507931436811175, 0.6311130532196589, 0.6391133725643158, 0.6096652698516846
0.6517385542392731, 0.628711290870394, 0.6334924181302388, 0.5997907945513725
0.6479887281145368, 0.6336196056434087, 0.6405026992162068, 0.6069037657976151
0.6389345926897866, 0.6391313663550786, 0.6530809183915456, 0.6168619227409363
0.6496704697608948, 0.6341384981359754, 0.6431434909502666, 0.6043096220493317
0.6504522510937282, 0.6306765837328775, 0.6389648934205373, 0.6002510434389114
0.6492750312600817, 0.6337656148842403, 0.648138717810313, 0.6079079508781433
0.6508749604225159, 0.6310676438467843, 0.6408632854620616, 0.5978661066293717
0.6459115496703557, 0.6347957483359745, 0.6551384011904399, 0.6044351446628571
0.6498522766998835, 0.6317471376487187, 0.6438222507635752, 0.5977824291586876
0.6514658425535474, 0.6337501100131444, 0.6465797026952108, 0.6045188266038894
0.6480659970215389, 0.6319471708365849, 0.6480432728926341, 0.6076987433433533
0.6516385614871979, 0.6296151919024331, 0.6373846630255381, 0.6086610889434815
0.6496522928987231, 0.6319653826100485, 0.6436419526735941, 0.6104602485895156
0.6504886133330209, 0.6308623620441982, 0.6378937363624573, 0.6037238493561745
0.6483159848621913, 0.6354164012840816, 0.655361121892929, 0.6024267756938935
0.6486614235809871, 0.6323292425700596, 0.643440447251002, 0.6085774040222168
0.6530748605728149, 0.6315409881728036, 0.6385830918947856, 0.6060669475793838
0.651252213546208, 0.6294578117983681, 0.639155795176824, 0.6016736370325089
0.6534657503877367, 0.62847740650177, 0.6365150034427642, 0.6106276121735573
0.6554702026503426, 0.6278339539255414, 0.6325060983498891, 0.6047698760032654
0.6544111643518721, 0.6276746954236712, 0.637798277537028, 0.607782427072525
0.6522067163671766, 0.628737929889134, 0.6357938269774119, 0.6049372380971909
0.6528839605195181, 0.6301520483834403, 0.6375967760880789, 0.6053974884748459
0.6503431635243552, 0.6309359218393054, 0.643291970094045, 0.6089121317863464
0.6514840236731938, 0.6300426823752266, 0.6530172924200693, 0.6055230098962784
0.6538748204708099, 0.6292102013315474, 0.6441298107306163, 0.5977824246883392
0.6511794907706124, 0.6308784178325109, 0.6513416051864624, 0.6031799149513245
0.6501613565853663, 0.63098669392722, 0.6401633242766063, 0.5996234288811684
0.6501704462936946, 0.6319169316973005, 0.6517658293247223, 0.6017991656064987
0.6469705888203212, 0.6320597427231925, 0.6450843175252279, 0.595355649292469
0.6512703963688442, 0.6293690366404397, 0.6482765932877859, 0.606610878109932
0.6484341604369027, 0.6324211512293134, 0.6506522357463836, 0.6066945588588715
0.648079628603799, 0.6311032056808472, 0.6471736152966817, 0.6086610859632492
0.65258851817676, 0.6294917225837707, 0.6482871969540914, 0.5951464423537254
0.6495568403175899, 0.6318868500845772, 0.6525718490282695, 0.6080753117799759
0.6529157757759094, 0.6298672931534903, 0.651362822453181, 0.5973221760988235
0.6502749868801662, 0.6298534733908517, 0.64952805240949, 0.6053556472063064
0.6522612631320953, 0.6289912870952061, 0.6478205482165019, 0.6066945594549179
0.6428344164575849, 0.6339616102831704, 0.6546823620796204, 0.5919665268063545
0.6479932708399636, 0.6332683835710798, 0.64923109014829, 0.5908786588907242
0.6554883854729788, 0.6283685607569558, 0.6403436164061228, 0.5994560652971268
0.6554338438170296, 0.6280000865459442, 0.6464100122451782, 0.6065271961688995
0.6458115552152907, 0.6299587224211012, 0.643917707602183, 0.597698744237423
0.6526748767920902, 0.6291769470487322, 0.6398239493370056, 0.5973221731185913
0.658760964018958, 0.6280517041683197, 0.6409905612468719, 0.6036401665210724
0.6503431694848197, 0.6304179412978036, 0.6515537162621816, 0.6112552297115326
0.649147765977042, 0.6316476166248322, 0.6491568525632222, 0.6056485316157341
0.6511703985077995, 0.6290838522570473, 0.6465691010157267, 0.6016317969560623
0.6610926798411778, 0.6233510502747127, 0.6372361799081167, 0.6088284534215928
0.6539475458008902, 0.6292869269847869, 0.6453812698523204, 0.6066527199745179
0.656470159973417, 0.6268066763877869, 0.6398663759231568, 0.597740586400032
0.6500022734914507, 0.6322759509086608, 0.6530597070852916, 0.6028870296478271
0.6535839285169329, 0.6286148692880358, 0.6484038611253102, 0.6064016705751419
0.6500795458044325, 0.6310053365571159, 0.6590200463930765, 0.6007949781417846
0.6506749698093959, 0.6265098001275744, 0.6414253890514374, 0.6088702917098999
0.652024906873703, 0.6284765992845808, 0.6465584874153137, 0.5989121314883232
0.6472660303115845, 0.6311069062777928, 0.6529006242752076, 0.6125104570388794
0.6596836481775556, 0.6253826090267727, 0.6462297181288401, 0.6035564839839935
0.6535066553524562, 0.6257295863968986, 0.6469508945941925, 0.6078242671489715
0.6509158662387303, 0.6309278913906642, 0.661713860432307, 0.6004184091091156
0.6556202002934047, 0.6246254750660487, 0.6443207065264384, 0.5944769883155823
0.6498068273067474, 0.6331608057022095, 0.6659666975339253, 0.5949790751934052
0.6545747944286892, 0.6289106845855713, 0.6510340491930644, 0.5973640191555023
0.6505749753543308, 0.6292879896504538, 0.6526248812675476, 0.6128451883792877
0.6518203726836613, 0.6294954351016453, 0.6538127064704895, 0.6019246864318848
0.6509476831981114, 0.6313979915210179, 0.6641319413979848, 0.6018828439712525
0.6596018373966217, 0.6213651137692587, 0.6345635791619618, 0.6002510458230972
0.6520930869238717, 0.6268916760172163, 0.6412769099076588, 0.5842677792906761
0.6510249521051135, 0.6293343254498073, 0.6512885749340057, 0.6090376555919648
0.6593154856136867, 0.6251283500875745, 0.6451055248578389, 0.6012552273273468
0.6491704940795898, 0.6306715607643127, 0.659762438138326, 0.5951046007871628
0.6513203952993666, 0.6288097441196442, 0.6505143702030182, 0.6060251045227051
0.6537339201995305, 0.6282417212213789, 0.6494113862514496, 0.6089121317863464
0.6549384125641414, 0.6294412638459886, 0.6529854754606883, 0.6045606702566146
0.6546929683004107, 0.6265139085905892, 0.6501855949560801, 0.5984518820047379
0.6556202011448996, 0.6283712761742728, 0.6506310323874156, 0.6012133860588074
0.6580155457769121, 0.6271209444318498, 0.6531233449776968, 0.6021757334470749
0.6498068256037576, 0.6286420668874468, 0.6540884514649709, 0.6094979059696197
0.6548066020011902, 0.6266534447669982, 0.6481917480627696, 0.6048953992128372
0.6609926794256483, 0.6233080463750021, 0.6469721098740896, 0.6023849374055863
0.6602108989443097, 0.6237530393259866, 0.6453282415866852, 0.6057740586996079
0.6652333974838257, 0.6208283458437238, 0.6316258370876312, 0.6031799137592315
0.6552520317690713, 0.626030490228108, 0.6520839949448903, 0.6002092057466507
0.660383620432445, 0.624419914824622, 0.6479266047477722, 0.5958159005641938
0.6547156964029585, 0.6261132214750562, 0.651829461256663, 0.6043933057785034
0.6603745264666421, 0.6233140928404671, 0.6491674621899922, 0.5963598358631134
0.6551384057317461, 0.6244159647396632, 0.6491144319375356, 0.5982008391618728
0.6575428417750767, 0.6260582992008754, 0.6459963957468668, 0.6033472794294358
0.6537293774741036, 0.6291466355323792, 0.6538551231225331, 0.6027615070343018
0.6522385384355273, 0.6291158505848475, 0.6543323735396067, 0.5932217562198638
0.6571155846118927, 0.6282789903027671, 0.6550641695658366, 0.5976987445354461
0.6524930672986167, 0.6297445135457175, 0.6633895436922709, 0.5977824288606643
0.6540202711309705, 0.6286999370370593, 0.6482553799947103, 0.5990794962644577
0.6560974478721618, 0.627773516518729, 0.6557641347249349, 0.6007531380653381
0.6486886952604566, 0.6277623389448438, 0.6494219938913981, 0.5922175723314286
0.6527976010526929, 0.6251324866499219, 0.6379891832669576, 0.6098744755983353
0.6545429723603385, 0.6287480677877154, 0.6538445254166921, 0.6004602479934692
0.6527975976467133, 0.6277952517781938, 0.6518506705760956, 0.5964435142278671
0.6586155150617872, 0.6264577635696956, 0.6470781584580739, 0.5972803342342377
0.6586746079581124, 0.6252346860510962, 0.6436631679534912, 0.6036820083856582
0.6500659091132027, 0.6307836404868534, 0.6540354212125142, 0.5887866094708443
0.6556202002934047, 0.6289992298398699, 0.6600805997848511, 0.600209202170372
0.6525203389780861, 0.6276970718588147, 0.6483614365259807, 0.608075310587883
0.657942819595337, 0.6235361729349409, 0.6427086631457011, 0.6087447714805603
0.6559019991329738, 0.6257393453802381, 0.6523597458998363, 0.5978242647647858
0.653497566495623, 0.6285853828702654, 0.6557747383912405, 0.6015062779188156
0.6605108874184745, 0.6241972293172564, 0.6416375041007996, 0.5928451874852181
0.6577473751136235, 0.6242770782538822, 0.6523915588855743, 0.5925523000955581
0.6579019129276276, 0.6263762261186328, 0.6559232215086619, 0.600753133893013
0.6653879361493247, 0.6187079199722835, 0.6351468821366628, 0.6038912099599838
0.6620517270905631, 0.6239278963633946, 0.6479796389738719, 0.5977405816316604
0.6626517006329128, 0.6227319410869053, 0.6453388492266338, 0.6004602485895156
0.6603745290211269, 0.6247334088597979, 0.6490295906861623, 0.597866108417511
0.6577610083988734, 0.6248178558690207, 0.6542263249556224, 0.6051464414596558
0.6567110589572361, 0.6266115631375994, 0.6612366100152334, 0.5936401659250259
0.6594836592674256, 0.6224655483450209, 0.642528369029363, 0.6024267780780792
0.6566292439188276, 0.6281160839966365, 0.6554459611574809, 0.6017154777050018
0.6572292200156621, 0.6249151136193957, 0.650153781970342, 0.6021757340431213
0.6586109706333705, 0.6244966242994581, 0.6489023228486379, 0.6025522977113724
0.6626426083700997, 0.620928350516728, 0.6365362147490183, 0.602301254272461
0.6574610224791936, 0.6274937791483742, 0.6549899200598399, 0.6046443498134613
0.6493659377098083, 0.6316301677908216, 0.6639304300149281, 0.6010041838884354
0.6621335404259818, 0.6222040636198861, 0.6408951103687286, 0.6002092051506043
0.6550702231270926, 0.6242431623595102, 0.6546187241872151, 0.5981589961051941
0.6578973659447261, 0.6237412657056536, 0.6491886715094248, 0.6069874453544617
0.6524294333798545, 0.6300652503967286, 0.6649273574352265, 0.6048953938484192
0.6566974256719862, 0.6267572598797935, 0.6616290152072907, 0.5982008355855942
0.6612108537128993, 0.6211816583360944, 0.6354014277458191, 0.600502091050148
0.6647834190300532, 0.6219605931213924, 0.6490401943524678, 0.5971966540813446
0.6533703003610883, 0.6260584073407309, 0.6590836743513743, 0.6012970697879791
0.6562565343720572, 0.6251383355685642, 0.64528582294782, 0.5996234273910522
0.6561519929340908, 0.6259364017418453, 0.647406937678655, 0.6016736406087876
0.6580155457769121, 0.6251945810658591, 0.6521476328372955, 0.6018410015106201
0.6561156306947981, 0.6263009258678981, 0.6554565687974294, 0.6035564839839935
0.660351802621569, 0.6231769493647984, 0.6449146211147309, 0.6014644357562066
0.6543611671243396, 0.6263997529234205, 0.655636860926946, 0.5955230110883712
0.6626698791980743, 0.623204641682761, 0.649538658062617, 0.6013389122486115
0.6617790068898882, 0.6204161533287593, 0.6465160707632701, 0.603054393529892
0.6603563496044704, 0.6235797260488782, 0.6535157521565755, 0.6015481156110764
0.6579973629542759, 0.6241281867027283, 0.6565701484680175, 0.6002510464191437
0.6597200129713331, 0.6232448611940656, 0.655350520213445, 0.5948535567522049
0.6534793879304613, 0.6268863758870533, 0.6611199518044789, 0.5945188271999359
0.6570883154869079, 0.6275749794074468, 0.665839429696401, 0.6041422593593597
0.655829279763358, 0.6228235134056637, 0.6507052739461263, 0.6016736406087876
0.6532521256378718, 0.6272749032293047, 0.661448727051417, 0.5955230104923248
0.6630198614937919, 0.6225344504628862, 0.6505886077880859, 0.5993305414915084
0.6643834343978336, 0.619612033878054, 0.648159937063853, 0.5967782407999038
0.6612835773399898, 0.6245583440576281, 0.6552020370960235, 0.6011715471744538
0.6611654009137835, 0.6230139613151551, 0.6569095393021901, 0.6031380760669708
0.658429159436907, 0.6253816638674055, 0.6626365462938945, 0.603640164732933
0.6544338881969451, 0.6267529802662986, 0.6587761143843333, 0.5923849400877953
0.6601699888706207, 0.6220589986869267, 0.6450312793254852, 0.6056066954135895
0.6604154365403312, 0.6248245392526899, 0.6550217350323995, 0.5946025118231774
0.658960953780583, 0.6230300656386785, 0.6518188615640005, 0.6003347301483154
0.6568019637039729, 0.6260566558156695, 0.6573019365469615, 0.6008786594867707
0.6581291752202171, 0.6261259709085737, 0.6580655376116434, 0.5999999988079071
0.6602063519614083, 0.6228793169770922, 0.6512779692808787, 0.6020502060651779
0.6582382593836104, 0.6236063229186194, 0.6554459571838379, 0.6017154812812805
0.6616926525320326, 0.6232498254094805, 0.6508643547693889, 0.595020918250084
0.6555111152785165, 0.6236078790255956, 0.646335772673289, 0.5918410021066666
0.6543884396553039, 0.6288831787449973, 0.6645985802014669, 0.598577401638031
0.6625789727483476, 0.619760536296027, 0.6441298166910807, 0.604602512717247
0.6639698198863438, 0.6210243557180677, 0.6468448440233866, 0.5886192467808723
0.6588473226342882, 0.6235026776790619, 0.6571852783362071, 0.6009205025434494
0.6579064582075391, 0.624588154894965, 0.6594230572382609, 0.6001673620939255
0.6661560884543828, 0.6189527443477085, 0.644978255033493, 0.5925522974133491
0.6674105712345668, 0.6190362351281302, 0.6488811035950979, 0.5988702929019928
0.6611017704010009, 0.6228439799376897, 0.660801786184311, 0.6008368176221848
0.6604972473212651, 0.624035746710641, 0.6634956002235413, 0.6024686175584794
0.6599336385726928, 0.6234297556536538, 0.6593594253063202, 0.5943514627218246
0.6675242040838514, 0.6166899936539786, 0.6404814898967743, 0.6017154824733734
0.6589882271630424, 0.6245008868830545, 0.6573443631331126, 0.5979497888684273
0.6622380801609584, 0.6210602513381414, 0.6511188983917237, 0.5971548128128051
0.6596927395888738, 0.6198218464851379, 0.6427510857582093, 0.5987866106629371
0.661369936806815, 0.6224909331117358, 0.6552656650543213, 0.6031799179315567
0.6618744611740113, 0.6233498420034136, 0.6564004679520925, 0.5979079481959343
0.6613153934478759, 0.6243877504553114, 0.6609396537144979, 0.5995815908908844
0.6646107017993927, 0.6213295672621045, 0.6517128010590871, 0.5929288697242737
0.6612517637865883, 0.6200030403477805, 0.64951744278272, 0.5945188266038894
0.6595836554254805, 0.6245040552956718, 0.6633365134398143, 0.5962761497497558
0.6627880590302604, 0.6199048485074724, 0.6452858169873555, 0.6025104597210884
0.660519973720823, 0.6213334058012281, 0.6484250684579214, 0.6033891209959984
0.6643743446895054, 0.6194227776357106, 0.6503977060317994, 0.5989539706707001
0.659279123374394, 0.6242840800966535, 0.6710255602995555, 0.5997489526867866
0.662851687840053, 0.6198694365365165, 0.6569625635941824, 0.5941422578692436
0.6715421991688865, 0.6162880037512098, 0.6432389458020528, 0.6010460203886032
0.666578791822706, 0.6194533910070147, 0.6521688441435496, 0.5976569002866745
0.6514158444745201, 0.6237191132136753, 0.6573655724525451, 0.5825522992014885
0.6548747803483691, 0.6286872812679836, 0.6723300417264303, 0.6009205025434494
0.6679060007844653, 0.6171004687036786, 0.6426980555057525, 0.606108785867691
0.6629335020269667, 0.6210948199033737, 0.6549368977546692, 0.5951882833242417
0.6710831301552909, 0.614475621495928, 0.6391027669111887, 0.606276148557663
0.6658879160881043, 0.619902240378516, 0.6559020062287648, 0.5984100404381753
0.6622153529099055, 0.6173826387950352, 0.6446388781070709, 0.6034309613704681
0.6601563572883606, 0.6255751703466688, 0.6654046058654786, 0.5978661078214645
0.6632016718387603, 0.61899705018316, 0.6507052719593048, 0.6038493728637695
0.6715285684381213, 0.6146398642233439, 0.6439389109611511, 0.5961924636363983
0.664656149489539, 0.6183813120637621, 0.65305970509847, 0.5964016753435135
0.6657833746501378, 0.6183203399181366, 0.6483084062735239, 0.6031799161434174
0.663610747882298, 0.6176609643868037, 0.6517658332983652, 0.6023849368095398
0.6687377853052957, 0.6189880247626985, 0.6523809512456258, 0.5991213375329971
0.6625517010688782, 0.6184975564479828, 0.6564853052298228, 0.6012552285194397
0.6689968637057713, 0.6177617660590581, 0.657768581310908, 0.5983263605833054
0.66331530383655, 0.6183105749743325, 0.6504507382710775, 0.595983259677887
0.6650197718824659, 0.6198583807264055, 0.6580337325731913, 0.5982008343935012
0.6707513281277248, 0.6153144627809525, 0.6485099176565806, 0.596108785867691
0.663715284211295, 0.6211352740015302, 0.6659985184669495, 0.6037656885385513
0.6689605023179735, 0.616316225699016, 0.6509810129801432, 0.5962343096733094
0.6637789189815522, 0.6191915605749403, 0.6638986130555471, 0.5958577394485474
0.6645925189767565, 0.6177967539855412, 0.65074769059817, 0.5987447685003281
0.6602972592626299, 0.6226360559463501, 0.6647576630115509, 0.5958577394485474
0.6712422149521964, 0.6129261519227709, 0.6370346824328105, 0.5990794980525971
0.6607426949909755, 0.624896102292197, 0.6564110696315766, 0.6013807511329651
0.665642466715404, 0.6197392919233867, 0.6619577904542288, 0.6013389110565186
0.6640016368457249, 0.6187861374446324, 0.6576201101144155, 0.5991213381290436
0.665165216582162, 0.6195976955550058, 0.6559868474801381, 0.6001673635840415
0.6608472296169826, 0.6212681289230074, 0.6575246612230937, 0.5949790799617767
0.6605699735028403, 0.6207591593265533, 0.6560822943846385, 0.6009205013513566
0.6640198188168662, 0.6196486345359258, 0.65457630554835, 0.5977824252843856
0.6715376581464495, 0.6150165217263358, 0.6463569859663646, 0.5991213381290436
0.6651015877723694, 0.6195422215121132, 0.6555944442749023, 0.595188285112381
0.6681559903281076, 0.6166353123528617, 0.6436525583267212, 0.6042259407043457
0.6585791519709996, 0.6247465857437678, 0.6725421587626139, 0.5984937214851379
0.6642470777034759, 0.6176554177488599, 0.6552444577217102, 0.5915481144189835
0.671842188494546, 0.6162846684455872, 0.6467281758785248, 0.5892468592524529
0.6645470636231559, 0.6198286090578352, 0.6595291097958883, 0.5998326367139817
0.6639198235103062, 0.6197988416467394, 0.6576307117938995, 0.5933054369688034
0.6661469902311052, 0.619971764087677, 0.6625941197077433, 0.5906694573163986
0.6665106092180525, 0.61639655317579, 0.6518718798955282, 0.5999163174629212
0.6600518158503941, 0.6247338678155626, 0.6776116251945495, 0.5916317975521088
0.6656651956694467, 0.6171630540064403, 0.6596457759539286, 0.5977824246883392
0.6674060276576451, 0.619302813070161, 0.6572064916292827, 0.5906276151537895
0.6649243193013328, 0.6178681450230735, 0.6563368300596873, 0.5902092057466507
0.6668787785938808, 0.618486532994679, 0.6546187321345012, 0.5994979050755501
0.6618562774998801, 0.6182804392916815, 0.6596245626608531, 0.5973640167713166
0.6711013146809169, 0.6128591222422464, 0.638105837504069, 0.5876569020748138
0.6700468165533883, 0.6186621797936304, 0.6570368011792501, 0.5983263596892356
0.664833413703101, 0.6181568294763565, 0.6609184424082438, 0.5987029299139977
0.6607926905155181, 0.6173405570643289, 0.6510976731777192, 0.6025523000955582
0.6599063685962132, 0.62529470877988, 0.6715134183565775, 0.5966527178883553
0.6630925859723772, 0.6206020687307631, 0.6647046307722727, 0.5985355633497238
0.6642743502344404, 0.6177303739956447, 0.6590200444062551, 0.5984100395441055
0.6612926687513079, 0.620532339811325, 0.6580019096533457, 0.5990376549959183
0.6684196199689593, 0.6165229031017848, 0.6481387237707774, 0.5979497927427292
0.6643652515751975, 0.6180507153272629, 0.6608760217825572, 0.5935564833879471
0.6667833277157375, 0.6204914565597262, 0.6600275794665019, 0.6020920482277871
0.6609654077461787, 0.6188802961792265, 0.6579488813877106, 0.6054811692237854
0.6622426271438598, 0.6222942122391292, 0.6652879416942596, 0.5971548140048981
0.6669696850436074, 0.6173187383583614, 0.6535263578097026, 0.5944351464509964
0.6537111946514674, 0.6214221571172986, 0.6530278980731964, 0.6141422575712204
0.6649925019059862, 0.6201783640044076, 0.65854279200236, 0.5935983270406723
0.6698877343109676, 0.6158709777253014, 0.6547459959983826, 0.5975732201337814
0.661847186940057, 0.6202647996800287, 0.6656273166338603, 0.5915899559855461
0.66751965710095, 0.6160891822406224, 0.6517128010590871, 0.5997907918691635
0.6612517603806087, 0.6231229058333806, 0.662032030026118, 0.5993723833560943
0.6622835321085794, 0.6215482605355126, 0.6654576301574707, 0.5897071093320847
0.6615153874669756, 0.6230017491749354, 0.6668681740760803, 0.5949790787696838
0.6686514249869755, 0.6163251059395927, 0.6577367663383484, 0.5956485366821289
0.6611972178731645, 0.6190829451595034, 0.6643334368864695, 0.6037238484621048
0.6598836421966553, 0.6181651430470603, 0.6523809532324473, 0.6045606702566146
0.6722785353660583, 0.6168262392282486, 0.6573761820793151, 0.5995397442579269
0.6607381480080741, 0.6219915560313634, 0.6611835817495982, 0.5871548092365265
0.6667469671794346, 0.6164741601262774, 0.6480220635732015, 0.6040585738420486
0.6693741176809583, 0.6172833723681314, 0.6490295926729838, 0.5925104609131813
0.6638380084718977, 0.6212711708886283, 0.6627850254376729, 0.5988284522294998
0.6660015438284193, 0.6191137305327824, 0.6629122972488404, 0.5953138053417206
0.6603790743010385, 0.620587351492473, 0.6607063313325247, 0.6007531368732453
0.6671560372625078, 0.6199949928692409, 0.6645137310028076, 0.5985355621576309
0.6654424778052739, 0.6185244934899466, 0.6539930005868276, 0.5989958155155182
0.6719012788363865, 0.6152424131120954, 0.6549581090609232, 0.590627614557743
0.6602245339325497, 0.6213339907782418, 0.6695301751295726, 0.6029288709163666
0.6659379099096571, 0.6195646507399423, 0.6665287951628367, 0.5951046025753022
0.6568428695201873, 0.6250189832278661, 0.6665181875228882, 0.5960251033306122
0.6622517160006932, 0.6170329655919756, 0.6472372472286224, 0.6092887026071548
0.6558338250432696, 0.6267688981124333, 0.6773783008257548, 0.5971966508030891
0.6679787244115557, 0.6139652763094221, 0.6483190099398295, 0.6015062767267227
0.6634471152509962, 0.6217488791261401, 0.668427195151647, 0.591255228817463
0.6665833353996277, 0.6179940849542618, 0.6584897637367249, 0.5979497867822647
0.6633698497499738, 0.6225453687565667, 0.6722027758757273, 0.5957740578055382
0.6685105221612113, 0.6159617922135762, 0.6544914603233337, 0.596527196764946
0.6722876216684069, 0.6147442089659827, 0.6550111333529155, 0.593389120399952
0.6689286828041077, 0.6171096631458828, 0.6612154006958008, 0.5963179916143417
0.673146676165717, 0.6108917364052364, 0.6432813624540965, 0.6007531368732453
0.6646061599254608, 0.6202529873166766, 0.6597200135389963, 0.5992050224542618
0.665892459665026, 0.6169900404555457, 0.6594972908496857, 0.5968200820684433
0.670096812077931, 0.6138941534927913, 0.6520733912785848, 0.5982426756620407
0.6674923896789551, 0.6154686259371894, 0.6560398797194164, 0.5877824267745018
0.6646470640386853, 0.6178510640348707, 0.6487538437048594, 0.606861925125122
0.6681150836603982, 0.616711203115327, 0.658076153198878, 0.5942677834630012
0.6640061855316162, 0.6162724154336112, 0.653038493792216, 0.5995815873146058
0.6641016330037798, 0.6184146791696549, 0.6600063562393188, 0.6039330527186394
0.6553474860531944, 0.6231780184166772, 0.6640152752399444, 0.6051882845163346
0.669287759917123, 0.6178141517298562, 0.656856511036555, 0.5948535546660423
0.6585973330906459, 0.6186958202293941, 0.6584579447905222, 0.603263598382473
0.6632743954658509, 0.6187767088413239, 0.6567080318927765, 0.602050210237503
0.6640652673585075, 0.6186791598796845, 0.6596457739671071, 0.6019665271043777
0.6660651743412018, 0.6159921160766056, 0.6576837420463562, 0.5965271973609925
0.6629925881113324, 0.6207209425313133, 0.6604305823644002, 0.5933054381608963
0.6659742695944649, 0.616295086485999, 0.6510976791381836, 0.5974476981163025
0.6630562245845795, 0.6193242115633828, 0.65457630554835, 0.5976569044589997
0.6628471417086464, 0.6214217969349453, 0.6699862082799276, 0.595146441757679
0.6664424351283482, 0.6194188296794891, 0.6558489720026652, 0.6009623447060585
0.6610108639512743, 0.6226811681474959, 0.6681090235710144, 0.6017991599440574
0.6617926461356026, 0.6185084517513003, 0.6603245278199513, 0.6038075315952302
0.6596745593207223, 0.6230743416718074, 0.671025562286377, 0.5956485316157341
0.6641970804759434, 0.6145662976162775, 0.6424117088317871, 0.6023430943489074
0.669824093580246, 0.6178237003939492, 0.6612366100152334, 0.5929288685321807
0.6680514514446259, 0.6166918980223792, 0.6604730089505514, 0.5974476993083954
0.6653243022305625, 0.6175723965678896, 0.6621274789174397, 0.600251042842865
0.6651788592338562, 0.6170954363686698, 0.653186974922816, 0.6048953956365586
0.6677150990281786, 0.6183385866028922, 0.6583624958992005, 0.6006276154518128
0.6654152112347739, 0.616869706766946, 0.6555838386217753, 0.5900836798548699
0.6729194121701377, 0.6114719867706299, 0.6453176399072011, 0.5910460224747658
0.6637334678854261, 0.6215063197272165, 0.6707816282908122, 0.5940167373418808
0.6708558704171862, 0.6152036777564458, 0.6596988042195638, 0.5950209197402
0.6618335545063019, 0.6191245658057076, 0.6650758266448975, 0.5990794959664345
0.665551563671657, 0.6178871367658888, 0.662180507183075, 0.5996234315633774
