0.5922821692058018, 0.6782308791364943, 0.5948881129423778, 0.645397487282753
0.593818462746484, 0.676066085270473, 0.5913034280141195, 0.645397487282753
0.5927685116018567, 0.6760940790176392, 0.5937533140182495, 0.645397487282753
0.5911185852118901, 0.6765427231788635, 0.5976031422615051, 0.645397487282753
0.5922958067485264, 0.6760612939085279, 0.5948562920093536, 0.645397487282753
0.5920094515596117, 0.6761465600558689, 0.5955244541168213, 0.645397487282753
0.5935230221067156, 0.6755126348563603, 0.5919927895069123, 0.645397487282753
0.5934230242456708, 0.6755650894982475, 0.59222611784935, 0.645397487282753
0.5925321596009391, 0.6758427790233067, 0.5943048020203908, 0.645397487282753
0.5936002918652126, 0.675430863244193, 0.5918124934037526, 0.645397487282753
0.5925912473882947, 0.6758347724165236, 0.5941669305165609, 0.645397487282753
0.5905867951256888, 0.6765756888048989, 0.5988439857959748, 0.645397487282753
0.5946275166102818, 0.6751148453780583, 0.5894156356652578, 0.645397487282753
0.5924912512302398, 0.675819821868624, 0.5944002548853556, 0.645397487282753
0.5950774993215289, 0.6748148935181754, 0.5883656760056813, 0.645397487282753
0.5927139690944127, 0.6757903158664703, 0.5938805798689525, 0.645397487282753
0.5957274658339364, 0.6746233744280679, 0.5868490874767304, 0.645397487282753
0.5926866965634482, 0.6757588139602116, 0.5939442157745362, 0.645397487282753
0.5932321258953639, 0.6755281524998801, 0.5926715473333994, 0.645397487282753
0.5911367671830313, 0.6762564292975835, 0.5975607176621754, 0.645397487282753
0.5942911693028041, 0.6752191952296666, 0.5902004460493724, 0.645397487282753
0.5923503458499908, 0.6756932871682303, 0.5947290341059367, 0.645397487282753
0.5941684484481812, 0.6751238295010158, 0.5904867947101593, 0.645397487282753
0.5938684625285012, 0.6752128958702087, 0.5911867618560791, 0.645397487282753
0.5920503633362907, 0.6758273414203099, 0.5954289933045706, 0.645397487282753
0.5930912239210946, 0.6753400291715349, 0.5930003186066946, 0.645397487282753
0.5942684429032462, 0.6748737411839622, 0.5902534743150075, 0.645397487282753
0.5922185344355447, 0.6756648583071573, 0.5950365940729777, 0.645397487282753
0.5923458022730691, 0.6754347401005881, 0.5947396357854208, 0.645397487282753
0.5945502468517848, 0.674612980229514, 0.5895959317684174, 0.645397487282753
0.5914822067533221, 0.6756088410105024, 0.5967546919981639, 0.645397487282753
0.5928230549607958, 0.6751488038471767, 0.5936260461807251, 0.645397487282753
0.5944866146360125, 0.6743919117110116, 0.5897444069385529, 0.645397487282753
0.5928503249372755, 0.6748013436794281, 0.5935624162356059, 0.645397487282753
0.5932230370385306, 0.6748537182807922, 0.5926927546660106, 0.645397487282753
0.5931275870118823, 0.6748228686196464, 0.5929154713948568, 0.645397487282753
0.5938775522368295, 0.674294866834368, 0.5911655525366465, 0.645397487282753
0.5924094336373465, 0.6746670067310333, 0.5945911626021068, 0.645397487282753
0.592145813362939, 0.6750900140830449, 0.5952062765757243, 0.645397487282753
0.5925139767783029, 0.6746393867901394, 0.594347228606542, 0.645397487282753
0.5939775466918945, 0.674099155834743, 0.5909322321414947, 0.645397487282753
0.593641197681427, 0.6738584271499088, 0.5917170464992523, 0.645397487282753
0.5933457578931536, 0.6742494651249477, 0.5923745890458425, 0.6453556460142136
0.595432026045663, 0.6734680346080235, 0.5875384469827016, 0.645397487282753
0.5925321587494441, 0.6742096883910043, 0.5943048040072123, 0.645397487282753
0.591373120035444, 0.6748175493308476, 0.5970092276732127, 0.645397487282753
0.5928730521883283, 0.6740760675498417, 0.5935093859831492, 0.645397487282753
0.5945457024233681, 0.6730664534228189, 0.5896065354347229, 0.645397487282753
0.5929457758154187, 0.6737690167767661, 0.5933396975199382, 0.645397487282753
0.5921139964035579, 0.674472314119339, 0.5952805161476136, 0.645397487282753
0.5935184751238142, 0.6730630423341478, 0.5920033991336823, 0.645397487282753
0.5925639731543405, 0.6734571244035449, 0.5942305703957875, 0.645397487282753
0.5925548851490021, 0.6731957614421844, 0.5942517757415772, 0.645397487282753
0.5912776691573006, 0.6735917849200113, 0.5972213407357534, 0.645397487282753
0.5921230844088963, 0.6731872694832938, 0.5952062805493673, 0.6453974878787995
0.592777601310185, 0.6727916121482849, 0.593732104698817, 0.6454393285512924
0.5933821192809514, 0.672957763501576, 0.5925442794958751, 0.6453974878787995
0.5924867068018232, 0.6731534038271223, 0.5944108585516612, 0.6453138053417206
0.5926412429128375, 0.672493897165571, 0.5941351155440012, 0.6451464420557023
0.5953729374068124, 0.67247439963477, 0.5880687256654104, 0.6449790769815444
0.5945775193827493, 0.6715027434485299, 0.5902640779813131, 0.6448953950405121
0.5928275976862226, 0.6718159437179565, 0.5936154464880625, 0.645397487282753
0.5961774476936885, 0.6711420927728925, 0.5869657377401988, 0.6448535537719726
0.5932593967233385, 0.6716643810272217, 0.5925973097483317, 0.645397487282753
0.5948184166635786, 0.6706644373280661, 0.5920352121194203, 0.6445188266038895
0.594491160767419, 0.6710612961224147, 0.5929684976736704, 0.6442677813768387
0.5956729233264924, 0.6699909491198404, 0.5901474157969157, 0.6439748930931092
0.5971092215606144, 0.6705778368881771, 0.59328666528066, 0.6379497915506362
0.5922003567218781, 0.6709371047360556, 0.5957365572452545, 0.6454811710119247
0.5943320776735034, 0.6702304439885276, 0.5936260461807251, 0.6446025103330613
0.5979228207043239, 0.6697887165205819, 0.5924064099788666, 0.6415481132268905
0.5996409228869847, 0.6688646870000022, 0.5936260441939036, 0.6351882809400559
0.5942002637045724, 0.6712754147393363, 0.6011984328428904, 0.6424267762899398
0.5972273996898106, 0.6692856533186776, 0.5975395043691, 0.6405439299345016
0.5975773819855281, 0.6698916511876243, 0.6006787558396657, 0.6358158963918686
0.6002272597381046, 0.669056522846222, 0.599384872118632, 0.6311715459823608
0.6020317256450654, 0.6675434742655073, 0.5931912163893381, 0.6356485325098038
0.6029407731124333, 0.6682571496282305, 0.5965850015481313, 0.6328033441305161
0.6024544358253479, 0.6675121060439518, 0.5989606599013011, 0.6315899562835693
0.601086312532425, 0.667565883908953, 0.6016862829526265, 0.6361506271362305
0.6026407854897635, 0.6674946163381849, 0.5986636996269226, 0.638158991932869
0.6030498581273215, 0.6668555063860757, 0.6009969254334767, 0.6347698694467545
0.602027177810669, 0.6661049204213279, 0.5981122076511383, 0.6349372375011444
0.6010726766926902, 0.6681355663708278, 0.6074345111846924, 0.6351464432477951
0.605695196560451, 0.6657205104827881, 0.6050588647524516, 0.6247698730230331
0.6073905680860792, 0.6638284742832183, 0.5955668648084005, 0.6320502066612244
0.6060633616788047, 0.6647243516785758, 0.6035846829414367, 0.6328451871871948
0.6067087863172803, 0.6640484895024981, 0.6017393151919047, 0.6280753117799759
0.6093813947268895, 0.6635163503033774, 0.6022695958614349, 0.6282426738739013
0.6081541768142156, 0.6633479135377066, 0.6073814809322358, 0.6297489547729492
0.6102677123887198, 0.6634063354560307, 0.6054512679576873, 0.625899578332901
0.6105404334408896, 0.6634470726762499, 0.610064697265625, 0.6244351452589035
0.6123539805412292, 0.6610905272620065, 0.603202885389328, 0.6272803324460984
0.6122539869376591, 0.6618175642830985, 0.6102131764094035, 0.6207112929224968
0.6151811284678322, 0.6606441370078495, 0.6094813903172811, 0.6187029278278351
0.6147266038826533, 0.6600020749228341, 0.6078693389892578, 0.6240167355537415
0.6086859677519117, 0.6606882231576102, 0.6014953891436259, 0.6345188289880752
0.618567339011601, 0.6584716430732183, 0.603213491042455, 0.6258577400445938
0.6157947387014117, 0.6586674962724958, 0.6081132690111796, 0.6201255232095718
0.6106358792100633, 0.6614931958062308, 0.6189203540484111, 0.6276987451314926
0.6170219532081059, 0.6586060081209455, 0.6127585132916769, 0.6218828439712525
0.6177082862172808, 0.6583143285342625, 0.6123130738735199, 0.6170711272954941
0.6158720067569188, 0.6586274419512067, 0.6107540607452393, 0.624769868850708
0.621567200762885, 0.6565377192837851, 0.6073602735996246, 0.6166945624351502
0.6196854685034071, 0.655871216739927, 0.6102874100208282, 0.6198326361179352
0.620162718636649, 0.6577352285385132, 0.6148053884506226, 0.6156066954135895
0.6179719116006579, 0.6562063838754382, 0.6115706861019135, 0.6236820083856582
0.6179582766124181, 0.6568177836281913, 0.6164916753768921, 0.6219665265083313
0.6199490947382791, 0.6561354875564576, 0.6111782789230347, 0.62514643907547
0.6211763100964682, 0.6548847479479654, 0.6150705258051554, 0.6125104606151581
0.6158583700656891, 0.6550008603504726, 0.6114434162775676, 0.6270711296796798
0.6228807789938791, 0.6562864967754909, 0.6172128518422445, 0.6196652734279633
0.6187945996012006, 0.6545013470309121, 0.6133418202400207, 0.626569037437439
0.6243807085922786, 0.6542355579989297, 0.6154735386371613, 0.6189539748430252
0.6218080997467041, 0.6537436306476593, 0.6187824765841167, 0.6136401683092118
0.6238716423511506, 0.6520234882831574, 0.6109131415685017, 0.6126359826326371
0.6225217035838536, 0.6524494077478137, 0.6122706572214762, 0.628410040140152
0.6258897364139557, 0.6522541267531259, 0.6170007387797037, 0.6158995825052261
0.623226216009685, 0.6526850053242275, 0.61600381731987, 0.6223430943489074
0.6249443198953356, 0.6521200571741377, 0.6197581946849823, 0.6163179928064346
0.6288623256342751, 0.6513257707868304, 0.6154205123583476, 0.6186610859632492
0.627498756136213, 0.6493781583649771, 0.611284335454305, 0.623974894285202
0.6250443177563804, 0.6494748754160745, 0.6164386490980784, 0.6253974884748459
0.627812374489648, 0.6511975543839591, 0.6184112807114919, 0.6215481153130531
0.6245670676231384, 0.6519894514765058, 0.6195460836092631, 0.6076987445354461
0.6291123126234327, 0.6493650913238526, 0.6093116998672485, 0.6215062767267228
0.6288350531033107, 0.648758910383497, 0.6173083007335662, 0.6210041832923889
0.6282169001443045, 0.647985679762704, 0.6159826080004375, 0.6200836837291718
0.6288941400391715, 0.6495816554341998, 0.6198960681756337, 0.6177824234962463
0.627157860994339, 0.650462042433875, 0.6285926401615143, 0.6112133896350861
0.6316531070641109, 0.6466211574418205, 0.6164280394713084, 0.6200836807489395
0.6297531945364816, 0.6501657358237676, 0.6240958730379741, 0.6039330518245697
0.6219262744699205, 0.6509081023080009, 0.621370240052541, 0.6279079508781433
0.6365165191037314, 0.6443451847348894, 0.6144660075505575, 0.6143096244335174
0.6297668312277113, 0.6478109232016972, 0.6222398976484934, 0.6141840982437133
0.6291441295828138, 0.6482725722449166, 0.6203627149264018, 0.6220920485258102
0.6337121043886457, 0.6472045881407601, 0.6270654360453288, 0.6146443504095077
0.6310713154929025, 0.6482052496501378, 0.6279456893603007, 0.615690376162529
0.6311713107994624, 0.6463529697486332, 0.6218262831370036, 0.6138075298070907
0.6261033569063459, 0.6481042751244136, 0.6253473301728566, 0.6215062755346298
0.6336439234869821, 0.6445097352777208, 0.6204263468583425, 0.6128870296478272
0.6290168634482792, 0.6487236550876072, 0.6314243316650391, 0.6156485331058502
0.6310076824256352, 0.6482936952795301, 0.6320394496122996, 0.6115481150150299
0.6343848024095807, 0.6450890983854022, 0.6273199697335561, 0.6165271949768066
0.6305713364056178, 0.6464728023324694, 0.6301622688770294, 0.6037656873464584
0.6364210707800729, 0.6447102776595525, 0.6266200006008148, 0.612761503458023
0.6344529799052647, 0.6433843885149274, 0.623459537823995, 0.6143096262216567
0.6290350462709154, 0.645793730872018, 0.6281790157159169, 0.6195397460460663
0.6337621024676732, 0.6450466530663627, 0.6295153240362803, 0.6140167355537415
0.6330757694584983, 0.6453691976411002, 0.6276593466599782, 0.6121757310628891
0.6329712280205317, 0.6458532878330776, 0.6285184025764465, 0.6144769877195358
0.6357120130743299, 0.6421104567391532, 0.6232368250687917, 0.6137238484621048
0.6346120629991804, 0.6443962931632996, 0.6287517209847768, 0.6166527193784713
0.6376755620752063, 0.6432811907359532, 0.6324318607648214, 0.6093723833560943
0.6359892725944519, 0.6417547932692936, 0.6249867459138234, 0.6192468625307083
0.6393209406307765, 0.6405453903334482, 0.6195778965950012, 0.6038075292110443
0.6346438808100564, 0.645036574772426, 0.6314667503039042, 0.6145606654882431
0.6367846906185151, 0.6440444648265838, 0.6343196531136831, 0.6101255232095718
0.6398072796208518, 0.6413121121270317, 0.6257291336854299, 0.6111297047138214
0.6346302449703216, 0.6464196860790252, 0.6441722393035889, 0.6094560664892197
0.6368028742926461, 0.6439986143793378, 0.6318803668022156, 0.6102510464191436
0.6407254210540226, 0.6388274720736913, 0.6261321445306142, 0.6076150631904602
0.6310031345912388, 0.6437976905277797, 0.6377770662307739, 0.6179497903585434
0.639484567301614, 0.6423582409109388, 0.634309051434199, 0.602175732254982
0.6310076832771301, 0.641710616009576, 0.6366316636403402, 0.6117991638183594
0.6366346989359174, 0.6413819100175585, 0.6348711411158244, 0.6147280341386795
0.6403981634548732, 0.6394805925233024, 0.6300880273183187, 0.6005439335107803
0.6397300158228193, 0.6422694521290916, 0.63352423508962, 0.6038075321912766
0.6386300597872053, 0.6404946080275944, 0.6338105857372284, 0.6148953980207443
0.6413435748645238, 0.6398044620241438, 0.6289850453535716, 0.6047698754072189
0.6376119238989694, 0.6403508373669216, 0.6311167716979981, 0.617029286623001
0.6400390880448478, 0.6383003192288536, 0.6281047860781351, 0.6102092039585113
0.6361983512129102, 0.6426691472530365, 0.6428995629151663, 0.6038493740558625
0.6387346020766667, 0.6412459169115339, 0.641160249710083, 0.6079497897624969
0.6411799447877067, 0.6386899786336081, 0.6331848601500193, 0.6151464432477951
0.6408299633434841, 0.6393013324056352, 0.6328136583169301, 0.6068619263172149
0.6453706639153617, 0.6370473027229309, 0.6279350956281026, 0.6010041862726212
0.636521065235138, 0.6395990295069558, 0.6326651811599732, 0.6099163174629212
0.6426616983754294, 0.6385006317070552, 0.6330363770325979, 0.6063598319888115
0.6355392958436693, 0.643046361207962, 0.6494750221570332, 0.604728033542633
0.6437071033886501, 0.6363851870809283, 0.6303955952326457, 0.6066945606470108
0.6409254108156477, 0.6399099630968911, 0.6389436860879262, 0.6076569044589997
0.6455115684441157, 0.6359200256211417, 0.6303849756717682, 0.6038912126421928
0.6356256527560098, 0.639795058965683, 0.6295259296894073, 0.6179916328191757
0.6404390718255725, 0.6413413311753954, 0.6442888975143433, 0.6061924654245376
0.6380391802106585, 0.6400790802070073, 0.6356029291947682, 0.6036820071935654
0.6398163710321699, 0.6407539146287101, 0.6427723050117493, 0.6086192458868027
0.6418344599860055, 0.6397447534969875, 0.6360165496667226, 0.6028033477067948
0.6428071473326001, 0.6362965796675001, 0.6312440355618795, 0.6130962300300599
0.6419980943202972, 0.6382896304130554, 0.6366104543209076, 0.6100836795568466
0.6430434993335179, 0.6369584398610252, 0.6352741599082947, 0.5992887037992477
0.6415390227522169, 0.6395173617771693, 0.6414890209833781, 0.6093305438756943
0.6483568906784057, 0.6342905615057264, 0.6319439987341563, 0.6045188266038894
0.6367710547787803, 0.6392128041812352, 0.6394209285577138, 0.6072803354263305
0.6431571270738329, 0.6390986485140664, 0.6361756324768066, 0.6080753117799759
0.6407481474535806, 0.6382805245263236, 0.6389118691285451, 0.6112133872509002
0.6421026306492942, 0.6359399344239917, 0.6338105877240499, 0.6104184073209763
0.6432934854711805, 0.6382320821285248, 0.6354650537172953, 0.6126778250932694
0.6444661583219256, 0.6361604384013585, 0.6353590011596679, 0.6087029278278351
0.6408572333199637, 0.6390484946114676, 0.6484144647916158, 0.6054811698198318
0.6405708840915135, 0.6350096906934466, 0.6355711102485657, 0.6132635986804962
0.642102632352284, 0.6359777680465153, 0.6395057757695516, 0.6069456034898758
0.6439752740519388, 0.6371616874422346, 0.639654262860616, 0.6083263623714447
0.6473887545721871, 0.6352472237178257, 0.6368331750233968, 0.6057740586996079
0.6461888117449625, 0.6347462866987501, 0.6394845644632975, 0.6022594121098518
0.641870825631278, 0.6363257867949349, 0.6362498641014099, 0.6018410056829453
0.6438116465296064, 0.6369655106748854, 0.6387527823448181, 0.5992468631267548
0.6500977235180991, 0.6336087805884225, 0.6347969055175782, 0.6089121350646018
0.648475067956107, 0.6309565961360931, 0.6297274390856425, 0.6076150631904602
0.648511427640915, 0.6335062205791473, 0.6387209673722585, 0.6097907936573028
0.6383255302906037, 0.6400149737085615, 0.6544490416844686, 0.6087029275298118
0.6464978865214757, 0.6345879486628941, 0.6424223144849142, 0.6084518826007843
0.6493886641093662, 0.6319337478705815, 0.6369074126084645, 0.5986610862612725
0.649347757441657, 0.633461914743696, 0.6366952995459239, 0.6128451889753341
0.6474523884909493, 0.6330592955861772, 0.6407360235850016, 0.6064016747474671
0.6452706711632865, 0.6343448970999036, 0.6437480171521505, 0.5974895387887955
0.6398800049509321, 0.6386128425598144, 0.6512355466683706, 0.6122175723314285
0.6452115842274257, 0.6362613388470241, 0.646325167020162, 0.6020502090454102
0.6462660798004696, 0.6342027860028403, 0.6394103308518727, 0.6045606648921966
0.6489977725914546, 0.6330399572849273, 0.6386997540791829, 0.6078661102056503
0.6484932499272483, 0.6335103673594339, 0.6417753756046295, 0.6020502111315728
0.6379437310355051, 0.6375128371374947, 0.6469190796216329, 0.6051882809400558
0.6509658643177577, 0.6329049493585314, 0.6376179893811543, 0.6042677825689315
0.6478160083293915, 0.6339525529316493, 0.6411178251107533, 0.6124686181545258
0.643157126222338, 0.6354479653494699, 0.6461236615975697, 0.6032635980844497
0.6446570583752224, 0.6346155992576055, 0.6453706681728363, 0.6004184073209763
0.6492523040090289, 0.630907643692834, 0.637045286099116, 0.6102928882837295
0.6483023490224565, 0.6359157204627991, 0.6490614076455434, 0.6069037634134292
0.6477023754801069, 0.6343753354890006, 0.6535475651423136, 0.6063598331809044
0.6476069297109331, 0.632157278060913, 0.6356877704461416, 0.6065271955728531
0.6424071627003806, 0.6355326780251094, 0.6432601551214854, 0.5931799131631851
0.6522521666118077, 0.6325031987258366, 0.636408946911494, 0.6055230122804641
0.6534157523087093, 0.6306750178337097, 0.6350090106328329, 0.6028870296478271
0.6419071870190757, 0.6382060962063926, 0.6569625596205394, 0.610167361497879
0.6446570600782122, 0.6321587664740426, 0.6442676822344462, 0.6121338903903961
0.6544657068593162, 0.6283446175711496, 0.6334924121697744, 0.5992887035012245
0.6505431609494345, 0.6325245916843414, 0.6414572060108185, 0.6083681988716125
0.6514885655471256, 0.6313576425824846, 0.636440767844518, 0.5989121332764625
0.6520521785531725, 0.6322157791682652, 0.6423056503136952, 0.6053138104081154
0.647966000863484, 0.6333894542285374, 0.6475978374481202, 0.6031380730867386
0.6498795517853329, 0.6327031041894641, 0.6396012286345164, 0.6003765684366226
0.648538704429354, 0.6320116247449602, 0.6487538437048594, 0.6002092063426971
0.6456570148468017, 0.6348565442221505, 0.6486902097860973, 0.6064016741514205
0.6433389365673066, 0.6349622326237815, 0.6508431375026703, 0.5961924684047699
0.6507613301277161, 0.6337992838450841, 0.655923213561376, 0.6010041838884354
0.6489114156791143, 0.6309597270829337, 0.6390497366587321, 0.6004602491855622
0.6499977282115391, 0.6319745651313237, 0.6386679410934448, 0.607364012002945
0.6497659180845533, 0.6307702013424464, 0.6411602477232615, 0.6093723827600479
0.6471524051257542, 0.6320280952113015, 0.6424647370974222, 0.6086192446947097
0.6531612251486097, 0.6299972670418875, 0.635952909787496, 0.6039748948812484
0.6428844119821276, 0.6360152082783835, 0.6556792875130971, 0.6106276160478592
0.6446161551134927, 0.6332195333072117, 0.6466539363066356, 0.6079497927427292
0.6553202126707349, 0.6294615575245448, 0.6371831595897675, 0.6047698712348938
0.6452933958598546, 0.634618787254606, 0.6496022919813792, 0.6108368170261383
0.6531566747597286, 0.6262936200414385, 0.6332590957482656, 0.610711294412613
0.6458706455571311, 0.6347338506153651, 0.6585852205753326, 0.6038075304031372
0.6468751421996526, 0.6314740930284772, 0.641616290807724, 0.5989539706707001
0.6527703276702336, 0.6296884775161743, 0.6374483029047648, 0.6091213393211364
0.650352258341653, 0.6282748886517115, 0.6327076037724813, 0.6087447702884674
0.6451706758567265, 0.6357327852930341, 0.6565489451090495, 0.6056485337018966
0.6540975434439523, 0.6266842884676797, 0.6366634865601858, 0.6003347259759902
0.654820236137935, 0.6293028490883964, 0.6411390423774719, 0.5983263605833054
0.6524476179054806, 0.629334706068039, 0.6423162639141082, 0.6089958149194717
0.64247533593859, 0.6361547129494803, 0.6652031044165293, 0.6077405834197998
0.6534157531602042, 0.6299489515168326, 0.6482341726620992, 0.6065690380334854
0.6510295007910047, 0.6296283253601619, 0.6476296563943227, 0.6107531350851059
0.6508158726351602, 0.6282002781118665, 0.6426662425200145, 0.6061087864637374
0.6483296189989363, 0.6330512021269117, 0.6489023228486379, 0.607866108417511
0.647720560005733, 0.6333315117018563, 0.6546823620796204, 0.6031380718946457
0.6527976010526929, 0.6297228693962097, 0.6443313201268513, 0.606150626540184
0.6581473563398633, 0.6255027975354875, 0.6356029311815897, 0.6027615088224411
0.6569565040724618, 0.6267558200018747, 0.6409269233544668, 0.6058995866775513
0.6504613408020564, 0.6305213706833975, 0.6484144647916158, 0.6000836813449859
0.6533521175384521, 0.6294792294502258, 0.6450843115647634, 0.6053974896669387
0.6482841679028102, 0.6287236281803676, 0.639166404803594, 0.609958159327507
0.6504340674195971, 0.632622001852308, 0.6489235301812489, 0.6102928847074509
0.6553338485104697, 0.6294165892260415, 0.6421253601710002, 0.6028033459186554
0.6502204435212272, 0.6332401650292533, 0.6566656072934468, 0.5966108772158623
0.6468251432691302, 0.6299247545855385, 0.6424965540568034, 0.6093723845481872
0.6529475969927652, 0.6281199821404049, 0.636758933464686, 0.6025522994995117
0.6495022995131357, 0.6324656920773642, 0.6569413483142853, 0.6025522989034653
0.6543793448380062, 0.6286024578980037, 0.6457948923110962, 0.6070292884111405
0.6524612537452152, 0.6289623090199061, 0.6487220327059428, 0.6076150649785995
0.6494068426745279, 0.6276789426803588, 0.6401421129703522, 0.614853555560112
0.6551156759262085, 0.6280187862260002, 0.6396012266476949, 0.6034309619665146
0.6519658190863473, 0.6294621041842869, 0.6532294015089671, 0.5989958155155182
0.6491250429834639, 0.631405588558742, 0.6631880422433217, 0.6068619203567505
0.651856734922954, 0.6320057587964194, 0.6507582982381185, 0.6045606696605682
0.6554929307528905, 0.6258805879524776, 0.6427510857582093, 0.6049372345209122
0.6538793683052063, 0.6266107252665929, 0.6469721078872681, 0.598744769692421
0.6533157587051391, 0.6303162957940783, 0.6586912711461385, 0.6020502066612243
0.6480250895023346, 0.6294104150363378, 0.6517552256584167, 0.6093305414915084
0.6532748511859349, 0.6296477173055921, 0.6514052371184031, 0.6045188277959823
0.6521612703800201, 0.6278429406029837, 0.648159937063853, 0.6064016717672348
0.6503386199474335, 0.6307838218552726, 0.6540354192256927, 0.6024267774820328
0.6495613873004913, 0.6326511178697859, 0.662169897556305, 0.6025941413640976
0.6528612332684653, 0.6290576713425773, 0.6504295249780019, 0.6015062749385833
0.653497565644128, 0.6298708762441363, 0.6563156187534332, 0.6057740598917007
0.6516294709273747, 0.6318927901131767, 0.6625835180282593, 0.5976150584220886
0.654856595822743, 0.6292175199304308, 0.6546611547470093, 0.6003765690326691
0.6570928582123348, 0.6271271909986224, 0.6496022880077362, 0.6009205025434494
0.6467433256762368, 0.6283567070960998, 0.641626900434494, 0.6072803366184235
0.6548929606165205, 0.6281080118247441, 0.6465797026952108, 0.6017573207616806
0.6542748059545245, 0.6292620233127049, 0.6480538765589396, 0.6018828445672989
0.6456161090305873, 0.634211220060076, 0.6684059898058573, 0.6053556507825851
0.6557201947484698, 0.6260014474391937, 0.6425707916418711, 0.6004602491855622
0.6537611952849797, 0.625253335067204, 0.6443419277667999, 0.6073221743106842
0.6510749510356358, 0.6295370442526681, 0.6462827463944752, 0.601882843375206
0.6575610220432282, 0.626849148103169, 0.6439707279205322, 0.6004184085130692
0.6530794050012316, 0.6282787552901676, 0.6537066400051117, 0.6001673638820648
0.6612426698207855, 0.6249027873788561, 0.6459963977336883, 0.6011297073960304
0.6594200244971684, 0.6238244780472346, 0.6422102014223735, 0.602552298605442
0.6541975378990174, 0.6284595310688019, 0.6558383723100026, 0.5966945600509643
0.6543202570506504, 0.627815409217562, 0.6559868494669596, 0.5977405852079392
0.6598518252372741, 0.6229865108217512, 0.6416375021139781, 0.6022175735235215
0.6579246401786805, 0.6242920134748732, 0.6464206198851268, 0.6025941401720047
0.6544020746435438, 0.6273286138262067, 0.64636758963267, 0.5900836843252182
0.6488795944622585, 0.6261552572250366, 0.6400148431460063, 0.609246860742569
0.6520567229815892, 0.6291155423436846, 0.6471630116303762, 0.6002510449290276
0.6626244246959686, 0.6212392628192902, 0.6309258659680684, 0.60175732254982
0.6602518081665039, 0.6249058067798614, 0.6445010105768839, 0.5988284492492676
0.6526703298091888, 0.6236855268478394, 0.636451369524002, 0.5976150649785995
0.6561383553913661, 0.6300705654280526, 0.6515961428483327, 0.5995815870165825
0.6478069211755481, 0.6337054593222482, 0.6637925545374552, 0.5932217556238174
0.6612835824489594, 0.6216668588774544, 0.639473960796992, 0.6012552273273468
0.6535248373235975, 0.6276869390692029, 0.6528794189294179, 0.5965271943807602
0.6545702491487776, 0.6270539198602949, 0.6512885769208272, 0.5995397502183915
0.6582019022532872, 0.6260082040514264, 0.6519461254278819, 0.6048535570502281
0.653097586120878, 0.6282249339989253, 0.6588185389836629, 0.6006694561243058
0.6547066066946302, 0.627818603175027, 0.6540142099062601, 0.6007949781417846
0.6601654486996787, 0.6245184012821743, 0.6486796021461487, 0.5966527208685874
0.6564747044018336, 0.6268629627568382, 0.6479478220144907, 0.5998326367139817
0.658615516764777, 0.6278537017958504, 0.6458054979642233, 0.6003765657544136
0.6576064680303846, 0.6249055845396859, 0.6490614076455434, 0.5963598299026489
0.6605017951556614, 0.6242499232292176, 0.651500689983368, 0.6005020946264267
0.6579837271145412, 0.6263451482568468, 0.6538445194562276, 0.6011715459823609
0.6574792078563145, 0.6251195809670858, 0.6569837729136149, 0.597405856847763
0.654820236137935, 0.6268568660531725, 0.6545975208282471, 0.5938075289130211
0.6605381565434593, 0.6241761726992471, 0.6484568893909455, 0.5976150596141815
0.6549065964562553, 0.6290214572634015, 0.6615017513434093, 0.5979079502820969
0.6519385482583727, 0.6293514541217259, 0.6596775909264883, 0.6024267774820328
0.6586109731878553, 0.6243185375417982, 0.6485523382822672, 0.5997907960414887
0.6541839029107775, 0.6244544463498252, 0.6497613728046417, 0.6010460269451141
0.6587700545787811, 0.6247894091265542, 0.6495810786883036, 0.6022175753116608
0.6542384445667266, 0.6247927044119154, 0.6422314167022705, 0.5888702911138535
0.6589791374547141, 0.6228730729648045, 0.6420511186122895, 0.5969456064701081
0.6567065102713449, 0.6277680558817728, 0.6562944094340006, 0.604518826007843
0.6504613408020564, 0.6293709312166487, 0.6647470653057098, 0.6020502057671547
0.6563292579991477, 0.6272607428686959, 0.6584155221780141, 0.5999999988079071
0.6560474514961243, 0.6255155478205, 0.657015593846639, 0.6029707103967666
0.6561019931520734, 0.6265772938728332, 0.6580655415852864, 0.6023012566566467
0.6598927336079734, 0.6229358315467834, 0.6487750550111134, 0.5988284510374069
0.6560429062162126, 0.6241756813866751, 0.6493053336938223, 0.5956066951155663
0.6528430530003139, 0.626499525989805, 0.6577367703119914, 0.6045188271999359
0.6536112001964024, 0.6272552013397217, 0.6601442337036133, 0.6035564857721328
0.6558156439236232, 0.6284239564623152, 0.6642061769962311, 0.6003347301483154
0.6542293506009238, 0.626140342439924, 0.6573973933855692, 0.5996234303712845
0.6585791553769793, 0.6262048721313477, 0.6550111373265585, 0.5979497909545899
0.6565292494637626, 0.6268268274409431, 0.6619789958000183, 0.5936820074915886
0.6618471877915518, 0.6222363471984863, 0.6474281469980876, 0.5983263605833054
0.6561656304768153, 0.6253569228308541, 0.65898823539416, 0.6008368211984635
0.6628880517823356, 0.6217819209609713, 0.6495598713556926, 0.5958577406406402
0.661810827255249, 0.6225133282797677, 0.645731258392334, 0.6007949775457382
0.6607790563787733, 0.6249892498765673, 0.6537278612454732, 0.5982845199108123
0.6574473849364689, 0.6249318701880319, 0.6522536834081014, 0.5961087834835053
0.6527248757226126, 0.629436787537166, 0.6605684578418731, 0.5980334722995758
0.6634698442050389, 0.6213990373270852, 0.6432389398415883, 0.5973221778869628
0.6541157237121037, 0.6255759400980813, 0.6556368668874105, 0.5916736397147179
0.6596791028976441, 0.6256524741649627, 0.6452327946821849, 0.5987447667121887
0.6542202634470803, 0.6277600799288069, 0.6560398737589518, 0.596192467212677
0.6525339739663261, 0.6270403691700527, 0.6562944134076436, 0.6022175747156143
0.6588245979377202, 0.6239045773233686, 0.6490614076455434, 0.60071129322052
0.6570655856813703, 0.625245829139437, 0.6535793821016948, 0.5967782440781594
0.6582473524979182, 0.6206844994000026, 0.6428041160106659, 0.6074058598279953
0.6504840672016143, 0.6300636223384313, 0.6734224259853363, 0.6051882833242417
0.6572973924023765, 0.6252901758466448, 0.6576943476994832, 0.5979079467058181
0.656138357945851, 0.6280850240162441, 0.6612047950426737, 0.5996652734279633
0.6549293228558132, 0.6252747595310211, 0.6589351991812388, 0.6056485337018966
0.654402072940554, 0.6264310513223921, 0.6557535231113434, 0.6064435124397278
0.6623744411127908, 0.6210232760225024, 0.6453176418940226, 0.5971129697561264
0.658583699805396, 0.6218440319810595, 0.6439601182937622, 0.6077405875921249
0.6627471464020865, 0.6231667484555926, 0.6444373746713002, 0.601506273150444
0.6545838807310377, 0.6291066365582603, 0.6681620518366496, 0.5960669451951981
0.6611472172396523, 0.6239702991076879, 0.6559126098950704, 0.5957322180271148
0.6669651363577161, 0.6187100010258811, 0.6391451915105184, 0.6019246852397919
0.6581109958035606, 0.6264847508498601, 0.6636864999930064, 0.6013389122486115
0.6541384484086717, 0.626835743018559, 0.6605154275894165, 0.5952719643712043
0.6578428217342922, 0.6237513984952654, 0.6555520176887513, 0.5990794977545738
0.6624607988766261, 0.6229484226022448, 0.6509598036607106, 0.5996234303712845
0.6527021493230547, 0.6289966872760228, 0.6697210729122162, 0.5982008397579193
0.6580246346337455, 0.6246139901024955, 0.6568883260091146, 0.5986610865592956
0.6583609819412232, 0.62417842064585, 0.6623395919799805, 0.6009205061197281
0.6562156260013581, 0.6223746576479503, 0.6530172844727834, 0.5983681988716125
0.6620744509356362, 0.6216890117951802, 0.6445858498414357, 0.5983681976795197
0.6580155466284071, 0.6241635543959482, 0.6473220864931742, 0.6071129703521728
0.6614290262971606, 0.623951667547226, 0.6543429831663767, 0.5943933033943176
0.657861007962908, 0.6251965233257839, 0.6571322580178579, 0.5939748948812484
0.6662560760974884, 0.6181713053158351, 0.6407996614774069, 0.6000836852192879
0.6559792722974505, 0.6261367303984505, 0.6634637812773386, 0.6022175726294517
0.6589745930262975, 0.6222272540841783, 0.6461236596107482, 0.604100416302681
0.6607972366469247, 0.6243612476757594, 0.6646622081597646, 0.600627614557743
0.6564292533057077, 0.6220748450074877, 0.6459433615207673, 0.6032217565178871
0.6622426220348903, 0.6227627268859318, 0.6544808566570282, 0.5985774073004723
0.661038133076259, 0.6207175774233682, 0.643451056877772, 0.5971548122167587
0.6571155837603978, 0.6237983546086721, 0.6528900146484375, 0.6054393303394318
0.6528748682567052, 0.6233489066362381, 0.6446176648139954, 0.5946025067567825
0.6530566786016737, 0.6279127401965005, 0.6610244989395142, 0.6015062743425369
0.6578246440206256, 0.6234320376600538, 0.6521370271841685, 0.5946443492174148
0.6475251129695347, 0.6308917505400521, 0.6698589464028676, 0.597907949090004
0.6591518521308899, 0.6222481123038701, 0.65060981909434, 0.6002092036604881
0.6580337285995483, 0.6238963084561484, 0.6565065185228983, 0.5984518826007843
0.6580564490386418, 0.6225279305662428, 0.6522961099942525, 0.595439326763153
0.656865599325725, 0.622493211712156, 0.6533566613992056, 0.5971129697561264
0.6558792761393956, 0.6254545084067753, 0.6590518573919932, 0.5953138047456741
0.6598200040204184, 0.6243842925344195, 0.6561883489290873, 0.6024267759919166
0.671092221566609, 0.6158372993980136, 0.6381270507971446, 0.6009623402357102
0.666974230323519, 0.616577274458749, 0.6444479803244273, 0.592803341448307
0.6648834160396031, 0.6184207490512303, 0.6507901151974996, 0.5919665279984474
0.6579882723944528, 0.6220120200089045, 0.6490402022997538, 0.6023012548685074
0.6626017017023904, 0.6219127948795046, 0.6576201061407725, 0.5957322177290917
0.6666424248899733, 0.620712798833847, 0.6493795732657115, 0.5979916298389435
0.6632107649530683, 0.619676456281117, 0.6511295000712077, 0.5974476996064186
0.6650424982820239, 0.6182830657277788, 0.6463463763395946, 0.5974895390868187
0.6623153490679604, 0.6191472385610853, 0.6494644184907278, 0.5984937241673469
0.6624244366373334, 0.6215708008834294, 0.6612154026826222, 0.5940585762262345
0.6563838039125715, 0.6235742568969727, 0.6651500682036082, 0.6025941425561905
0.662460800579616, 0.6219893949372428, 0.6559550325075786, 0.5983263605833054
0.6643152551991599, 0.6197073323386056, 0.6545444945494334, 0.5969874501228333
0.667510564838137, 0.6158993635858808, 0.6471842189629873, 0.5941840994358063
0.6698195542607989, 0.6160362269197192, 0.6409375250339509, 0.5996652722358704
0.6605881537709918, 0.6211642418588911, 0.660833603143692, 0.5911297047138214
0.6651743113994598, 0.6199729808739254, 0.6538869440555573, 0.6012970685958863
0.6647016065461295, 0.6191982533250536, 0.6513946354389191, 0.596485356092453
0.6668060549667904, 0.6183925407273428, 0.6492841223875682, 0.6024686169624328
0.6654288462230138, 0.6200597328799111, 0.6517976462841034, 0.6014225912094117
0.6658560982772282, 0.6169236557824271, 0.6442464749018352, 0.5974476978182792
0.6571383118629456, 0.6248236366680691, 0.6621805051962535, 0.5997071120142937
0.6649652276720319, 0.6205476309571948, 0.6560822983582815, 0.6028870311379433
0.6641379943915776, 0.6197766653129033, 0.6579276760419209, 0.5974895375967025
0.6620380921023232, 0.6229310495512826, 0.6640152752399444, 0.6026359832286835
0.6621244464601789, 0.6210434658186776, 0.6600275774796803, 0.5947280311584473
0.666787873847144, 0.6173079235213144, 0.6475766221682231, 0.5975313812494278
0.6644561614309038, 0.6219055575983865, 0.6587761143843333, 0.603054390847683
0.6635743813855307, 0.6226761409214565, 0.6576413114865621, 0.5944351449608802
0.6638380059174129, 0.6198370584419796, 0.6569731672604878, 0.5978661078214645
0.6627789642129626, 0.623178310905184, 0.6592851897080739, 0.5984518814086914
0.6610699500356402, 0.6222900756767817, 0.6612684309482575, 0.6014644366502762
0.6611790376050132, 0.6237071837697711, 0.6656803508599599, 0.5960251039266586
0.6628244195665632, 0.6187638299805778, 0.6556792894999186, 0.5938493710756302
0.6557247417313712, 0.6235052027872631, 0.6605048239231109, 0.6008786600828171
0.6612426723752703, 0.62496708716665, 0.6573761820793151, 0.6021338921785354
0.6600427261420658, 0.6220341435500554, 0.658097360531489, 0.5991631829738617
0.6612881234713963, 0.6205217565808977, 0.6581079661846161, 0.5958158981800079
0.6668424180575779, 0.6185513492141451, 0.6528369923432668, 0.5952719634771347
0.6624562510422298, 0.6207550193582262, 0.6565913697083791, 0.5989539736509323
0.667860551391329, 0.6182587274483272, 0.6473326981067657, 0.6002928841114045
0.6629062294960022, 0.6181313148566655, 0.6495704670747121, 0.5974476966261864
0.6596609260354723, 0.6220936477184296, 0.6472690622011821, 0.5996652725338936
0.6664424325738635, 0.619976350239345, 0.6514794747034709, 0.6007531362771988
0.6639061842645918, 0.6184871264866421, 0.6423268655935923, 0.6035983246564866
0.6610517706189837, 0.6215091632945197, 0.6598154604434967, 0.5964016714692115
0.6632698587008885, 0.6183469567980086, 0.6501431743303935, 0.6017573219537735
0.6566156097820827, 0.6244565640177046, 0.6709619263807932, 0.5949790763854981
0.6640470896448408, 0.6183351968015943, 0.6427510877450308, 0.5985355657339096
0.6661060869693756, 0.6207962036132812, 0.6501643816630046, 0.5972803342342377
0.6607745119503566, 0.6244136282375881, 0.6655424733956655, 0.599246863424778
0.6653561217444284, 0.620900286095483, 0.6587230881055196, 0.5955230134725571
0.665060681956155, 0.6202139224324907, 0.6599851548671722, 0.6004602482914925
0.6620699082102094, 0.6193520111697061, 0.6479160030682881, 0.5975732213258743
0.6651743088449751, 0.6186953331742968, 0.6424965500831604, 0.5992887037992477
0.6563338041305542, 0.6267633753163474, 0.6621592938899994, 0.6028451871871948
0.6609290523188455, 0.6213827661105564, 0.6512567599614462, 0.6021338909864425
0.6607517829963139, 0.6215678470475333, 0.6587973316510518, 0.6020083671808243
0.6656833767890931, 0.6172463974782398, 0.6462403198083242, 0.5975732213258743
0.6685877893652235, 0.6187052718230657, 0.648775056997935, 0.5981589925289154
0.6677560125078473, 0.6168593743017742, 0.6529960751533508, 0.600041840672493
0.6642652613776071, 0.6163283663136618, 0.6536005914211274, 0.5980753120779991
0.663933458498546, 0.6208686172962189, 0.6578534285227458, 0.6023012578487397
0.6565837911197118, 0.6231327376195362, 0.6662106275558471, 0.5965690386295318
0.663933458498546, 0.619884368777275, 0.660069998105367, 0.5947698745131492
0.6579337307385036, 0.6238355781350817, 0.6610032836596171, 0.5993305417895317
0.6696604737213679, 0.618360743352345, 0.6520839969317118, 0.5946443489193917
0.6611381309373038, 0.620093264750072, 0.661894150575002, 0.5904184091091156
0.6683150734220232, 0.617800692149571, 0.6496341069539388, 0.6011715453863143
0.6588245987892151, 0.62147051351411, 0.6600912094116211, 0.6032217568159104
0.6575201111180442, 0.6205500134399959, 0.6486159722010295, 0.6017573186755181
0.6635334738663264, 0.6213750098432813, 0.6480962971846262, 0.5997489562630653
0.6619971803256444, 0.6237452004637037, 0.6679075221220653, 0.596192467212677
0.6654197556631906, 0.6193774478776114, 0.6574610273043314, 0.5979497924447059
0.6655106646674019, 0.6195894369057247, 0.660982080300649, 0.59640167593956
0.6593609401157924, 0.6243895377431598, 0.6715982596079508, 0.5988702893257141
0.6676423796585628, 0.6165119775703976, 0.6456570108731587, 0.5959832617640495
0.6641470849514007, 0.6184866683823722, 0.6538869460423787, 0.597322174012661
0.65337484393801, 0.6245887232678277, 0.6674408813317617, 0.5846025094389915
0.6649606857981001, 0.6218291938304901, 0.6536642253398895, 0.6005020916461945
0.6686650582722256, 0.6157537000519889, 0.6413087248802185, 0.5951882827281952
0.6577655519757952, 0.6228371377502169, 0.655626255273819, 0.5992468595504761
0.6634380212851934, 0.6219165052686418, 0.6574186007181804, 0.6001673623919487
0.6582973514284406, 0.6225250661373138, 0.6601230243841807, 0.5971129685640335
0.6647288765226091, 0.6225733850683485, 0.657164071003596, 0.5944769871234894
0.6658242762088775, 0.6180379050118583, 0.6560716907183329, 0.5959832644462586
0.6653970275606428, 0.6203356236219406, 0.6504507303237915, 0.5926778239011764
0.6579473657267434, 0.6242514542170934, 0.6689786791801453, 0.5939330545067787
0.6647106962544578, 0.6205019976411547, 0.654396015405655, 0.5979497894644737
0.6647288756711143, 0.616527031149183, 0.648032667239507, 0.5994979071617127
0.670469525030681, 0.6189639270305634, 0.6529748618602753, 0.60175732254982
0.6604063485349928, 0.6186280301639012, 0.6578322152296702, 0.5943096226453781
0.6649061390331813, 0.6165345230272838, 0.6471630096435547, 0.5918828445672989
0.6629880445344107, 0.6231746013675418, 0.662668361266454, 0.5976569026708602
0.6607790555272783, 0.6226032401834215, 0.6586170276006063, 0.5908786579966545
0.6551247690405164, 0.6242299999509539, 0.6648212949434916, 0.6005439305305481
0.6608154160635812, 0.6211821896689279, 0.6589458008607229, 0.5970292857289314
0.6636516554015023, 0.6197662340743201, 0.6554247518380483, 0.5916736400127411
0.6714467525482177, 0.6129160561731883, 0.63842400709788, 0.5982008367776871
0.6608472321714673, 0.6217807020459857, 0.668289319674174, 0.5965690368413925
0.6666151523590088, 0.6200762408120292, 0.6638455808162689, 0.5973221701383591
0.6677560125078473, 0.6165278502873012, 0.655658080180486, 0.5995815894007683
0.6639561823436192, 0.6196583884102957, 0.6623714148998261, 0.5942677807807922
0.662819870880672, 0.6191133737564087, 0.6551065822442372, 0.6008368200063705
0.6630335007395063, 0.6201990591628211, 0.6613108575344085, 0.5969037616252899
0.6604017998491015, 0.6227717948811394, 0.6686180929342905, 0.5953974893689156
0.6679469108581543, 0.6166317262819835, 0.6547459959983826, 0.6010041850805282
0.6642016266073499, 0.6172021763665335, 0.6489659587542216, 0.5971129709482192
0.6651561277253287, 0.6190436103514263, 0.6583306789398193, 0.595020917057991
0.6639470943382808, 0.6207130091530936, 0.6641425371170044, 0.5979916310310364
0.6677105571542468, 0.6157302320003509, 0.6540248175462087, 0.5948117142915725
0.6630744031497411, 0.6168324300221034, 0.6564535001913706, 0.60179916203022
0.6605290642806462, 0.6238399088382721, 0.6735496898492177, 0.6062343102693558
0.6642470819609506, 0.6182531186512539, 0.6597200175126393, 0.5940167343616486
0.654324803182057, 0.6237188956567219, 0.6705907265345256, 0.6020083698630333
0.6716240150587899, 0.6150069841316768, 0.6488917171955109, 0.6015899580717087
0.6629562275750297, 0.6177160092762538, 0.6560186664263408, 0.5951046019792556
0.6607926905155181, 0.6196760071175439, 0.6561247209707896, 0.6007112973928451
0.6642198068755013, 0.6210017161709922, 0.658988227446874, 0.5994979023933411
0.6638516400541578, 0.6173739867550986, 0.653812704483668, 0.6013807517290115
0.6620789979185376, 0.6219919145107269, 0.6698165277640025, 0.6019246858358384
0.6645379730633327, 0.6206639264311109, 0.662074456612269, 0.5945188295841217
0.6682605334690639, 0.6157473440681185, 0.6530278980731964, 0.594267780482769
0.666178811447961, 0.6170343824795315, 0.6497507731119792, 0.6045606672763825
0.6703422563416618, 0.6160519910710198, 0.6480114539464314, 0.6030543929338456
0.6693695741040366, 0.616320652621133, 0.6518718858559926, 0.6020083671808243
0.6716740131378174, 0.6119259370224817, 0.6433343927065531, 0.5916318014264107
0.6647697797843388, 0.6180572773729052, 0.6508643507957459, 0.5980753135681153
0.6634743852274758, 0.6204621438469206, 0.6571640690167745, 0.5948953953385353
0.6671287647315434, 0.6185108985219683, 0.6559126118818919, 0.6000418412685394
0.6703240735190256, 0.6141460005726133, 0.6488811135292053, 0.6004184091091156
0.6682196250983647, 0.6155057089669363, 0.6506840626398722, 0.6040585768222809
0.6698922744819096, 0.6157153959785189, 0.6496977428595225, 0.5990794980525971
0.6691695877483913, 0.6165272674390248, 0.6557853360970815, 0.595774057507515
0.6643788916724068, 0.6196913863931384, 0.6625092844168345, 0.5972384914755822
0.6590609473841531, 0.620918819308281, 0.6678863028685252, 0.5947698730230332
0.6623153482164655, 0.6211023117814746, 0.6693922956784566, 0.5946861922740936
0.6583382597991398, 0.622361336009843, 0.672096719344457, 0.5905857732892037
0.6669151425361634, 0.6161100417375565, 0.6596988042195638, 0.5992050212621689
0.6688286917550224, 0.6172657962356295, 0.656867112716039, 0.5946861922740936
0.6674332984856197, 0.6168382951191493, 0.6555838366349538, 0.5992050206661225
0.666942413364138, 0.6176283853394645, 0.6563050131003062, 0.5993305480480194
0.6606063382966177, 0.622586064679282, 0.6762965301672618, 0.587698744237423
0.6585564349378858, 0.6236384076731546, 0.6800084769725799, 0.5984100395441055
0.6612517586776189, 0.6189575416701181, 0.6637077152729034, 0.5920083674788476
0.6615608411175864, 0.6225312888622284, 0.6716088672478994, 0.5931380742788315
0.6622426228863852, 0.6203331759997777, 0.6621699035167694, 0.5943096202611923
0.6586564259869712, 0.6247164313282285, 0.673019407192866, 0.5971129715442658
0.6719603666237423, 0.6143650106021337, 0.6493477563063303, 0.6034728026390076
0.6674742043018341, 0.6169539374964578, 0.6563368320465088, 0.5996652710437774
0.6599381838526045, 0.6239795603922436, 0.6727754811445872, 0.6035146462917328
0.6595472948891776, 0.6207732826471328, 0.6709725379943847, 0.5964435148239136
0.6619835461888994, 0.6192960594381605, 0.6662106235822042, 0.5987866109609604
0.6685059785842895, 0.6172691489968981, 0.660822989543279, 0.5961087861657143
0.6588427816118513, 0.6230703123978206, 0.6747905433177948, 0.5999999988079071
0.6677196528230395, 0.6189268716744014, 0.6652561247348785, 0.5928033462166786
0.6702195363385337, 0.61695528115545, 0.6544702569643657, 0.5949372401833535
0.6648243265492576, 0.6177143382174628, 0.6596775909264883, 0.6017154830694199
0.6648925048964364, 0.6195108413696289, 0.6647152364253998, 0.606987447142601
0.6669605919292995, 0.6175904942410333, 0.6621911108493805, 0.5993723821640015
0.6712058561188834, 0.6132966961179461, 0.653961185614268, 0.5971129742264748
0.6718058279582433, 0.6142267818961825, 0.6484887023766835, 0.5999163150787353
0.6652288539069039, 0.6169067936284202, 0.6642273863156637, 0.597824267745018
0.673655744109835, 0.6127623157841818, 0.6474387546380361, 0.5970711290836335
0.6591154958520616, 0.6228837021759578, 0.671163429816564, 0.5990376567840576
0.6693604843957084, 0.6129596437726702, 0.6484781006971995, 0.5915899568796158
0.6634471161024911, 0.6192038076264518, 0.6573549648125966, 0.5960251069068909
0.6630925868238722, 0.6211821360247476, 0.6679923673470815, 0.5990376543998718
0.6738375553062984, 0.6104390263557434, 0.6410117665926616, 0.598368199467659
0.6631698557308742, 0.6185181779520852, 0.6617244621117909, 0.5951464438438415
0.6692423037120274, 0.6163236907550267, 0.6601548453172048, 0.5965690341591835
0.6689195990562439, 0.6160578297717231, 0.6619577864805858, 0.5962343055009842
0.6700695429529463, 0.6162425611700331, 0.6628592650095622, 0.5917573204636574
0.6702877146857126, 0.6132079771586827, 0.6487326343854268, 0.5950627607107163
0.659356393984386, 0.6219349963324411, 0.6680878142515818, 0.5971548080444335
0.6718058288097382, 0.6150015098708016, 0.6525506436824798, 0.5953974884748459
0.667228765147073, 0.6158559135028294, 0.6581291794776917, 0.5960669416189194
0.6597381932394845, 0.621786180138588, 0.6681090235710144, 0.5973640149831771
0.6591064061437334, 0.623384941475732, 0.6696256279945374, 0.5975732240080833
0.6667060596602303, 0.617114359991891, 0.6575988928476969, 0.59179916203022
0.668833235331944, 0.6151822703225273, 0.6556050479412079, 0.6012970697879791
0.6663742584841592, 0.6181664500917707, 0.6595291157563528, 0.5917154785990715
0.66388800740242, 0.6197606938225882, 0.6603351334730784, 0.6009623432159423
0.6657379218510219, 0.6188894357000079, 0.6651288588841756, 0.5950209203362465
0.6620835431984493, 0.6214981283460345, 0.6677272240320842, 0.5927615058422089
